pygame 2.5.2 (SDL 2.28.2, Python 3.8.10)
Hello from the pygame community. https://www.pygame.org/contribute.html
[30, 28, 26, 24, 22, 20, 18, 16, 14, 12]
Running the agent on 10 runs
MAX_TRIES : 30
{0: (266.0, 250.0), 3: (80.0, 80.0), 1: (920.0, 80.0), 2: (920.0, 420.0), 'white': (266.0, 250.0)}
[(40, 40), (40, 460), (500.0, 40), (500.0, 460), (960, 40), (960, 460)]
{0: (505.91937555313865, 322.90646320173556), 3: (80.0, 80.0), 1: (920.0, 80.0), 2: (920.0, 420.0), 'white': (505.91937555313865, 322.90646320173556)}
[(40, 40), (40, 460), (500.0, 40), (500.0, 460), (960, 40), (960, 460)]
{0: (745.838751106276, 395.8129264034711), 3: (80.0, 80.0), 1: (920.0, 80.0), 2: (920.0, 420.0), 'white': (745.838751106276, 395.8129264034711)}
[(40, 40), (40, 460), (500.0, 40), (500.0, 460), (960, 40), (960, 460)]
{0: (908.4924255582292, 350.11361279023805), 3: (80.0, 80.0), 1: (920.0, 80.0), 'white': (908.4924255582292, 350.11361279023805)}
[(40, 40), (40, 460), (500.0, 40), (500.0, 460), (960, 40), (960, 460)]
{0: (900.1541785472497, 99.72294697721391), 3: (80.0, 80.0), 1: (920.0428938118332, 79.95716321332718), 'white': (900.1541785472497, 99.72294697721391)}
[(40, 40), (40, 460), (500.0, 40), (500.0, 460), (960, 40), (960, 460)]
{0: (765.0741839707081, 235.08991638458653), 3: (80.0, 80.0), 'white': (765.0741839707081, 235.08991638458653)}
[(40, 40), (40, 460), (500.0, 40), (500.0, 460), (960, 40), (960, 460)]
{0: (519.3515321443883, 185.11954994771543), 3: (80.0, 80.0), 'white': (519.3515321443883, 185.11954994771543)}
[(40, 40), (40, 460), (500.0, 40), (500.0, 460), (960, 40), (960, 460)]
{0: (273.628880318069, 135.14918351084432), 3: (80.0, 80.0), 'white': (273.628880318069, 135.14918351084432)}
[(40, 40), (40, 460), (500.0, 40), (500.0, 460), (960, 40), (960, 460)]
Level 0 passed
Tries : 8

MAX_TRIES : 28
{0: (266.0, 250.0), 3: (774.0, 236.0), 2: (774.0, 264.0), 1: (750.0, 250.0), 'white': (266.0, 250.0)}
[(40, 40), (40, 460), (500.0, 40), (500.0, 460), (960, 40), (960, 460)]
{0: (937.9515713126281, 439.06417383268507), 3: (901.9627015106054, 170.59365892971556), 2: (785.5412598098233, 250.5187194958157), 1: (726.2552673769031, 180.41815490831416), 'white': (937.9515713126281, 439.06417383268507)}
[(40, 40), (40, 460), (500.0, 40), (500.0, 460), (960, 40), (960, 460)]
{0: (307.14617620164023, 78.06166101572764), 3: (901.9627015106054, 170.59365892971556), 2: (865.3118750945631, 107.80679072760374), 1: (726.2552673769031, 180.41815490831416), 'white': (307.14617620164023, 78.06166101572764)}
[(40, 40), (40, 460), (500.0, 40), (500.0, 460), (960, 40), (960, 460)]
{0: (902.2455164201198, 421.75309235960935), 3: (901.9627015106054, 170.59365892971556), 2: (867.2976376843463, 109.47147752124805), 1: (843.9362456702389, 89.8929571328042), 'white': (902.2455164201198, 421.75309235960935)}
[(40, 40), (40, 460), (500.0, 40), (500.0, 460), (960, 40), (960, 460)]
{0: (690.5080338200785, 403.75062940503557), 3: (901.9627015106054, 170.59365892971556), 2: (867.3332331677808, 109.51188664651023), 1: (850.0807653169708, 87.40553279499447), 'white': (690.5080338200785, 403.75062940503557)}
[(40, 40), (40, 460), (500.0, 40), (500.0, 460), (960, 40), (960, 460)]
{0: (724.7306526354001, 329.0209724872205), 3: (902.972293872693, 176.97366633647803), 2: (721.2640727771725, 160.0867922463), 1: (897.5966633642361, 143.1222112840262), 'white': (724.7306526354001, 329.0209724872205)}
[(40, 40), (40, 460), (500.0, 40), (500.0, 460), (960, 40), (960, 460)]
{0: (737.613849342775, 137.39477651129954), 3: (662.5741575205894, 292.3582810454493), 2: (719.0565488474598, 163.14334377940423), 1: (740.1683162446598, 235.2048070009461), 'white': (737.613849342775, 137.39477651129954)}
[(40, 40), (40, 460), (500.0, 40), (500.0, 460), (960, 40), (960, 460)]
{0: (834.6810836670348, 208.53584590378316), 3: (662.5741575205894, 292.3582810454493), 2: (310.556005017253, 417.44765013650886), 1: (740.1683162446598, 235.2048070009461), 'white': (834.6810836670348, 208.53584590378316)}
[(40, 40), (40, 460), (500.0, 40), (500.0, 460), (960, 40), (960, 460)]
{0: (715.0079718558021, 328.0820922567738), 3: (662.5741575205894, 292.3582810454493), 2: (310.556005017253, 417.44765013650886), 1: (122.96935260964726, 201.2305529282196), 'white': (715.0079718558021, 328.0820922567738)}
[(40, 40), (40, 460), (500.0, 40), (500.0, 460), (960, 40), (960, 460)]
{0: (111.73495320673928, 261.92878339677685), 3: (593.9348402507958, 140.92194295552736), 2: (207.87512979926228, 289.9603307121339), 1: (122.96935260964726, 201.2305529282196), 'white': (111.73495320673928, 261.92878339677685)}
[(40, 40), (40, 460), (500.0, 40), (500.0, 460), (960, 40), (960, 460)]
{3: (593.9348402507958, 140.92194295552736), 2: (207.87512979926228, 289.9603307121339), 1: (122.96935260964726, 201.2305529282196), 0: (266.0, 250.0), 'white': (266.0, 250.0)}
[(40, 40), (40, 460), (500.0, 40), (500.0, 460), (960, 40), (960, 460)]
{3: (593.9348402507958, 140.92194295552736), 2: (207.87512979926228, 289.9603307121339), 1: (351.03002623458764, 312.6809847935588), 0: (275.64653850019783, 406.7296509492078), 'white': (275.64653850019783, 406.7296509492078)}
[(40, 40), (40, 460), (500.0, 40), (500.0, 460), (960, 40), (960, 460)]
{3: (593.9348402507958, 140.92194295552736), 2: (207.87512979926228, 289.9603307121339), 1: (778.4372113060875, 230.51797056515096), 0: (256.2616868624882, 310.0717302209423), 'white': (256.2616868624882, 310.0717302209423)}
[(40, 40), (40, 460), (500.0, 40), (500.0, 460), (960, 40), (960, 460)]
{3: (593.9348402507958, 140.92194295552736), 2: (207.87512979926228, 289.9603307121339), 1: (919.471742837531, 79.88327786103385), 0: (900.3529970735341, 367.78008621689486), 'white': (900.3529970735341, 367.78008621689486)}
[(40, 40), (40, 460), (500.0, 40), (500.0, 460), (960, 40), (960, 460)]
{3: (593.9348402507958, 140.92194295552736), 2: (207.87512979926228, 289.9603307121339), 1: (919.471742837531, 79.88327786103385), 0: (899.5693016969192, 117.02912417696486), 'white': (899.5693016969192, 117.02912417696486)}
[(40, 40), (40, 460), (500.0, 40), (500.0, 460), (960, 40), (960, 460)]
{3: (593.9348402507958, 140.92194295552736), 2: (207.87512979926228, 289.9603307121339), 0: (791.3521736105032, 180.0117901993639), 'white': (791.3521736105032, 180.0117901993639)}
[(40, 40), (40, 460), (500.0, 40), (500.0, 460), (960, 40), (960, 460)]
{3: (593.9348402507958, 140.92194295552736), 2: (146.83898161352943, 299.78579108033944), 0: (224.14415710259954, 318.08822391708117), 'white': (224.14415710259954, 318.08822391708117)}
[(40, 40), (40, 460), (500.0, 40), (500.0, 460), (960, 40), (960, 460)]
{3: (593.9348402507958, 140.92194295552736), 2: (410.5647864489052, 200.6062444873077), 0: (65.0620628483295, 428.2156804081987), 'white': (65.0620628483295, 428.2156804081987)}
[(40, 40), (40, 460), (500.0, 40), (500.0, 460), (960, 40), (960, 460)]
{3: (745.0787370118294, 106.11247535233628), 2: (606.7962646081143, 194.4602320427748), 0: (367.600808856248, 80.36386589048233), 'white': (367.600808856248, 80.36386589048233)}
[(40, 40), (40, 460), (500.0, 40), (500.0, 460), (960, 40), (960, 460)]
{3: (801.0187664080482, 90.05100379814398), 2: (716.2589408238559, 94.29138702957526), 0: (883.1598940809686, 266.1817783377886), 'white': (883.1598940809686, 266.1817783377886)}
[(40, 40), (40, 460), (500.0, 40), (500.0, 460), (960, 40), (960, 460)]
{3: (801.0187664080482, 90.05100379814398), 2: (777.03583014033, 189.35913518246005), 0: (218.36329655340052, 236.81709025292332), 'white': (218.36329655340052, 236.81709025292332)}
[(40, 40), (40, 460), (500.0, 40), (500.0, 460), (960, 40), (960, 460)]
{3: (801.0187664080482, 90.05100379814398), 2: (915.6842619924021, 88.98843082221094), 0: (868.9796444679835, 316.902396164802), 'white': (868.9796444679835, 316.902396164802)}
[(40, 40), (40, 460), (500.0, 40), (500.0, 460), (960, 40), (960, 460)]
{3: (801.0187664080482, 90.05100379814398), 2: (936.8699733142871, 65.86622441030116), 0: (881.9077834644672, 93.54054945541887), 'white': (881.9077834644672, 93.54054945541887)}
[(40, 40), (40, 460), (500.0, 40), (500.0, 460), (960, 40), (960, 460)]
{3: (801.0187664080482, 90.05100379814398), 0: (933.3304270335656, 74.3487236533591), 'white': (933.3304270335656, 74.3487236533591)}
[(40, 40), (40, 460), (500.0, 40), (500.0, 460), (960, 40), (960, 460)]
{3: (195.1901452617703, 143.82802354073706), 0: (756.8601909417483, 277.7966691978086), 'white': (756.8601909417483, 277.7966691978086)}
[(40, 40), (40, 460), (500.0, 40), (500.0, 460), (960, 40), (960, 460)]
{3: (121.2805085107482, 126.68190902857759), 0: (152.75079773464196, 226.15270502193422), 'white': (152.75079773464196, 226.15270502193422)}
[(40, 40), (40, 460), (500.0, 40), (500.0, 460), (960, 40), (960, 460)]
{3: (467.0027177006853, 164.77931284768925), 0: (311.7981661578804, 408.91186336231294), 'white': (311.7981661578804, 408.91186336231294)}
[(40, 40), (40, 460), (500.0, 40), (500.0, 460), (960, 40), (960, 460)]
{3: (726.3662729802496, 147.119919954747), 0: (426.7765650987789, 378.507721889462), 'white': (426.7765650987789, 378.507721889462)}
[(40, 40), (40, 460), (500.0, 40), (500.0, 460), (960, 40), (960, 460)]
Level 1 passed
Tries : 28

MAX_TRIES : 26
{0: (266.0, 250.0), 2: (250.0, 80.0), 1: (750.0, 250.0), 3: (750.0, 420.0), 'white': (266.0, 250.0)}
[(40, 40), (40, 460), (500.0, 40), (500.0, 460), (960, 40), (960, 460)]
{0: (838.1326185907607, 224.03232850541536), 2: (250.0, 80.0), 1: (750.0, 250.0), 3: (908.1993425946835, 350.50306183104504), 'white': (838.1326185907607, 224.03232850541536)}
[(40, 40), (40, 460), (500.0, 40), (500.0, 460), (960, 40), (960, 460)]
{0: (821.4116525381722, 421.62292811543153), 2: (250.0, 80.0), 1: (531.9716319048143, 78.97743954524388), 3: (788.3159266366721, 220.65753398941328), 'white': (821.4116525381722, 421.62292811543153)}
[(40, 40), (40, 460), (500.0, 40), (500.0, 460), (960, 40), (960, 460)]
{0: (732.168176819676, 200.51364953134032), 2: (250.0, 80.0), 1: (531.9716319048143, 78.97743954524388), 3: (806.3774201837773, 202.95875647064784), 'white': (732.168176819676, 200.51364953134032)}
[(40, 40), (40, 460), (500.0, 40), (500.0, 460), (960, 40), (960, 460)]
{0: (908.6437083434728, 331.48000566443784), 2: (250.0, 80.0), 1: (531.9716319048143, 78.97743954524388), 3: (830.5479633144439, 170.56676976178716), 'white': (908.6437083434728, 331.48000566443784)}
[(40, 40), (40, 460), (500.0, 40), (500.0, 460), (960, 40), (960, 460)]
{0: (758.1378045751683, 132.47096883878868), 2: (250.0, 80.0), 1: (531.9716319048143, 78.97743954524388), 3: (835.3445317418688, 166.1266805858138), 'white': (758.1378045751683, 132.47096883878868)}
[(40, 40), (40, 460), (500.0, 40), (500.0, 460), (960, 40), (960, 460)]
{0: (904.4778176726629, 303.2375913279253), 2: (250.0, 80.0), 1: (531.9716319048143, 78.97743954524388), 3: (835.3445317418688, 166.1266805858138), 'white': (904.4778176726629, 303.2375913279253)}
[(40, 40), (40, 460), (500.0, 40), (500.0, 460), (960, 40), (960, 460)]
{0: (745.5866301000558, 110.36637973201448), 2: (250.0, 80.0), 1: (531.9716319048143, 78.97743954524388), 3: (839.9131525403075, 161.84244421189902), 'white': (745.5866301000558, 110.36637973201448)}
[(40, 40), (40, 460), (500.0, 40), (500.0, 460), (960, 40), (960, 460)]
{0: (917.9669831596085, 283.5578587001366), 2: (250.0, 80.0), 1: (531.9716319048143, 78.97743954524388), 3: (839.9131525403075, 161.84244421189902), 'white': (917.9669831596085, 283.5578587001366)}
[(40, 40), (40, 460), (500.0, 40), (500.0, 460), (960, 40), (960, 460)]
{0: (743.1780429444273, 103.79184854865944), 2: (250.0, 80.0), 1: (531.9716319048143, 78.97743954524388), 3: (839.9366462424788, 161.8191876721991), 'white': (743.1780429444273, 103.79184854865944)}
[(40, 40), (40, 460), (500.0, 40), (500.0, 460), (960, 40), (960, 460)]
{0: (919.4940706176056, 282.08743886974594), 2: (250.0, 80.0), 1: (531.9716319048143, 78.97743954524388), 3: (839.9366462424788, 161.8191876721991), 'white': (919.4940706176056, 282.08743886974594)}
[(40, 40), (40, 460), (500.0, 40), (500.0, 460), (960, 40), (960, 460)]
{0: (743.1067839875899, 103.86245260475515), 2: (250.0, 80.0), 1: (531.9716319048143, 78.97743954524388), 3: (839.9381287534862, 161.8177187861112), 'white': (743.1067839875899, 103.86245260475515)}
[(40, 40), (40, 460), (500.0, 40), (500.0, 460), (960, 40), (960, 460)]
{0: (919.5892343838985, 281.99331417710675), 2: (250.0, 80.0), 1: (531.9716319048143, 78.97743954524388), 3: (839.9381287534862, 161.8177187861112), 'white': (919.5892343838985, 281.99331417710675)}
[(40, 40), (40, 460), (500.0, 40), (500.0, 460), (960, 40), (960, 460)]
{0: (743.1042856930796, 103.86492794786196), 2: (250.0, 80.0), 1: (531.9716319048143, 78.97743954524388), 3: (839.938180729396, 161.81766728769517), 'white': (743.1042856930796, 103.86492794786196)}
[(40, 40), (40, 460), (500.0, 40), (500.0, 460), (960, 40), (960, 460)]
{0: (919.5925679866481, 281.99001140176335), 2: (250.0, 80.0), 1: (531.9716319048143, 78.97743954524388), 3: (839.938180729396, 161.81766728769517), 'white': (919.5925679866481, 281.99001140176335)}
[(40, 40), (40, 460), (500.0, 40), (500.0, 460), (960, 40), (960, 460)]
{0: (743.1042026462712, 103.86501023173325), 2: (250.0, 80.0), 1: (531.9716319048143, 78.97743954524388), 3: (839.9381824571481, 161.8176655758157), 'white': (743.1042026462712, 103.86501023173325)}
[(40, 40), (40, 460), (500.0, 40), (500.0, 460), (960, 40), (960, 460)]
{0: (919.5926787970233, 281.9899016096065), 2: (250.0, 80.0), 1: (531.9716319048143, 78.97743954524388), 3: (839.9381824571481, 161.8176655758157), 'white': (919.5926787970233, 281.9899016096065)}
[(40, 40), (40, 460), (500.0, 40), (500.0, 460), (960, 40), (960, 460)]
{0: (743.1041998909817, 103.86501296170965), 2: (250.0, 80.0), 1: (531.9716319048143, 78.97743954524388), 3: (839.9381825144707, 161.81766551901976), 'white': (743.1041998909817, 103.86501296170965)}
[(40, 40), (40, 460), (500.0, 40), (500.0, 460), (960, 40), (960, 460)]
{0: (919.5926824734357, 281.98989796696804), 2: (250.0, 80.0), 1: (531.9716319048143, 78.97743954524388), 3: (839.9381825144707, 161.81766551901976), 'white': (919.5926824734357, 281.98989796696804)}
[(40, 40), (40, 460), (500.0, 40), (500.0, 460), (960, 40), (960, 460)]
{0: (743.1041997995748, 103.86501305227605), 2: (250.0, 80.0), 1: (531.9716319048143, 78.97743954524388), 3: (839.9381825163723, 161.81766551713557), 'white': (743.1041997995748, 103.86501305227605)}
[(40, 40), (40, 460), (500.0, 40), (500.0, 460), (960, 40), (960, 460)]
{0: (919.5926825953995, 281.98989784612354), 2: (250.0, 80.0), 1: (531.9716319048143, 78.97743954524388), 3: (839.9381825163723, 161.81766551713557), 'white': (919.5926825953995, 281.98989784612354)}
[(40, 40), (40, 460), (500.0, 40), (500.0, 460), (960, 40), (960, 460)]
{0: (743.1041997965444, 103.86501305527779), 2: (250.0, 80.0), 1: (531.9716319048143, 78.97743954524388), 3: (839.9381825164353, 161.8176655170731), 'white': (743.1041997965444, 103.86501305527779)}
[(40, 40), (40, 460), (500.0, 40), (500.0, 460), (960, 40), (960, 460)]
{0: (919.5926825994427, 281.9898978421177), 2: (250.0, 80.0), 1: (531.9716319048143, 78.97743954524388), 3: (839.9381825164353, 161.8176655170731), 'white': (919.5926825994427, 281.9898978421177)}
[(40, 40), (40, 460), (500.0, 40), (500.0, 460), (960, 40), (960, 460)]
{0: (743.1041997964431, 103.86501305537773), 2: (250.0, 80.0), 1: (531.9716319048143, 78.97743954524388), 3: (839.9381825164373, 161.81766551707102), 'white': (743.1041997964431, 103.86501305537773)}
[(40, 40), (40, 460), (500.0, 40), (500.0, 460), (960, 40), (960, 460)]
{0: (919.5926825995762, 281.98989784198386), 2: (250.0, 80.0), 1: (531.9716319048143, 78.97743954524388), 3: (839.9381825164373, 161.81766551707102), 'white': (919.5926825995762, 281.98989784198386)}
[(40, 40), (40, 460), (500.0, 40), (500.0, 460), (960, 40), (960, 460)]
{0: (743.1041997964427, 103.86501305537834), 2: (250.0, 80.0), 1: (531.9716319048143, 78.97743954524388), 3: (839.9381825164373, 161.817665517071), 'white': (743.1041997964427, 103.86501305537834)}
[(40, 40), (40, 460), (500.0, 40), (500.0, 460), (960, 40), (960, 460)]
{0: (919.5926825995773, 281.9898978419832), 2: (250.0, 80.0), 1: (531.9716319048143, 78.97743954524388), 3: (839.9381825164373, 161.817665517071), 'white': (919.5926825995773, 281.9898978419832)}
[(40, 40), (40, 460), (500.0, 40), (500.0, 460), (960, 40), (960, 460)]
Level 2 failed

Max tries reached, moving to the next level

MAX_TRIES : 24
{0: (266.0, 250.0), 4: (900.0, 380.0), 1: (500.0, 250.0), 2: (250.0, 80.0), 3: (770.0, 420.0), 'white': (266.0, 250.0)}
[(40, 40), (40, 460), (500.0, 40), (500.0, 460), (960, 40), (960, 460)]
{0: (859.7864432743, 233.0866777505087), 4: (919.1318938391075, 387.81781373393846), 1: (500.0, 250.0), 2: (250.0, 80.0), 3: (883.0533154810337, 344.84245752038765), 'white': (859.7864432743, 233.0866777505087)}
[(40, 40), (40, 460), (500.0, 40), (500.0, 460), (960, 40), (960, 460)]
{0: (561.4378496665335, 391.74206488936466), 4: (717.4504672956542, 137.3848365609162), 1: (500.0, 250.0), 2: (250.0, 80.0), 3: (721.817016918645, 383.925380990849), 'white': (561.4378496665335, 391.74206488936466)}
[(40, 40), (40, 460), (500.0, 40), (500.0, 460), (960, 40), (960, 460)]
{0: (681.9846991441275, 167.008106063136), 4: (717.4504672956542, 137.3848365609162), 1: (500.0, 250.0), 2: (250.0, 80.0), 3: (878.9856676199331, 148.35618944260835), 'white': (681.9846991441275, 167.008106063136)}
[(40, 40), (40, 460), (500.0, 40), (500.0, 460), (960, 40), (960, 460)]
{0: (562.6958381460612, 420.35141185983923), 4: (717.4504672956542, 137.3848365609162), 1: (500.0, 250.0), 2: (250.0, 80.0), 'white': (562.6958381460612, 420.35141185983923)}
[(40, 40), (40, 460), (500.0, 40), (500.0, 460), (960, 40), (960, 460)]
{0: (177.5738045499061, 121.26042552512438), 4: (717.4504672956542, 137.3848365609162), 1: (500.0, 250.0), 2: (288.4006752258248, 221.60885389081176), 'white': (177.5738045499061, 121.26042552512438)}
[(40, 40), (40, 460), (500.0, 40), (500.0, 460), (960, 40), (960, 460)]
{0: (635.3286400992473, 123.26078734032615), 4: (717.4504672956542, 137.3848365609162), 1: (500.0, 250.0), 2: (313.9205524242134, 203.98951109382799), 'white': (635.3286400992473, 123.26078734032615)}
[(40, 40), (40, 460), (500.0, 40), (500.0, 460), (960, 40), (960, 460)]
{0: (318.9912405075552, 203.7928846711734), 4: (717.4504672956542, 137.3848365609162), 1: (500.0, 250.0), 2: (264.32595512051813, 315.32252693488925), 'white': (318.9912405075552, 203.7928846711734)}
[(40, 40), (40, 460), (500.0, 40), (500.0, 460), (960, 40), (960, 460)]
{0: (312.3842332113957, 380.17652084487474), 4: (717.4504672956542, 137.3848365609162), 1: (500.0, 250.0), 2: (332.34758814941546, 95.00210604513263), 'white': (312.3842332113957, 380.17652084487474)}
[(40, 40), (40, 460), (500.0, 40), (500.0, 460), (960, 40), (960, 460)]
{0: (290.19295912083754, 342.9345480763484), 4: (717.4504672956542, 137.3848365609162), 1: (500.0, 250.0), 2: (332.34758814941546, 95.00210604513263), 'white': (290.19295912083754, 342.9345480763484)}
[(40, 40), (40, 460), (500.0, 40), (500.0, 460), (960, 40), (960, 460)]
{0: (181.71766983114733, 371.71554097997745), 4: (717.4504672956542, 137.3848365609162), 1: (500.0, 250.0), 2: (484.39217483064766, 147.31080478757391), 'white': (181.71766983114733, 371.71554097997745)}
[(40, 40), (40, 460), (500.0, 40), (500.0, 460), (960, 40), (960, 460)]
{0: (439.838591626046, 187.7356278275193), 4: (717.4504672956542, 137.3848365609162), 1: (500.0, 250.0), 2: (846.9841363731126, 78.01382284389122), 'white': (439.838591626046, 187.7356278275193)}
[(40, 40), (40, 460), (500.0, 40), (500.0, 460), (960, 40), (960, 460)]
{0: (904.4146683851345, 272.5030045469944), 4: (904.4265644575001, 377.83059752599394), 1: (500.0, 250.0), 2: (846.9841363731126, 78.01382284389122), 'white': (904.4146683851345, 272.5030045469944)}
[(40, 40), (40, 460), (500.0, 40), (500.0, 460), (960, 40), (960, 460)]
{0: (578.0052503014158, 316.6456246084086), 4: (904.4265644575001, 377.83059752599394), 1: (500.0, 250.0), 2: (846.9841363731126, 78.01382284389122), 'white': (578.0052503014158, 316.6456246084086)}
[(40, 40), (40, 460), (500.0, 40), (500.0, 460), (960, 40), (960, 460)]
{0: (781.0913348930935, 238.10840113636303), 4: (904.4265644575001, 377.83059752599394), 1: (500.0, 250.0), 2: (666.3225076360684, 179.7691626060047), 'white': (781.0913348930935, 238.10840113636303)}
[(40, 40), (40, 460), (500.0, 40), (500.0, 460), (960, 40), (960, 460)]
{0: (100.56594633040413, 241.61767395608578), 4: (904.4265644575001, 377.83059752599394), 1: (500.0, 250.0), 2: (644.4125791753926, 206.81911937415103), 'white': (100.56594633040413, 241.61767395608578)}
[(40, 40), (40, 460), (500.0, 40), (500.0, 460), (960, 40), (960, 460)]
{0: (824.7021838970272, 84.83607382520503), 4: (904.4265644575001, 377.83059752599394), 1: (566.2105436278543, 385.88366302848465), 2: (644.4125791753926, 206.81911937415103), 'white': (824.7021838970272, 84.83607382520503)}
[(40, 40), (40, 460), (500.0, 40), (500.0, 460), (960, 40), (960, 460)]
{0: (593.1313063763977, 157.17268052218336), 4: (904.4265644575001, 377.83059752599394), 1: (566.2105436278543, 385.88366302848465), 2: (217.79129549017966, 290.05535481633683), 'white': (593.1313063763977, 157.17268052218336)}
[(40, 40), (40, 460), (500.0, 40), (500.0, 460), (960, 40), (960, 460)]
{0: (225.60430759658684, 281.82285762067113), 4: (904.4265644575001, 377.83059752599394), 1: (566.2105436278543, 385.88366302848465), 2: (287.2869117394502, 416.07942432248774), 'white': (225.60430759658684, 281.82285762067113)}
[(40, 40), (40, 460), (500.0, 40), (500.0, 460), (960, 40), (960, 460)]
{0: (143.68878387778483, 204.836184062214), 4: (904.4265644575001, 377.83059752599394), 1: (566.2105436278543, 385.88366302848465), 2: (560.6814207353317, 341.51543013895275), 'white': (143.68878387778483, 204.836184062214)}
[(40, 40), (40, 460), (500.0, 40), (500.0, 460), (960, 40), (960, 460)]
{0: (571.1941630841543, 368.8239409445304), 4: (904.4265644575001, 377.83059752599394), 1: (767.1516684098995, 256.0295946030512), 2: (664.3288518094857, 242.05708775415096), 'white': (571.1941630841543, 368.8239409445304)}
[(40, 40), (40, 460), (500.0, 40), (500.0, 460), (960, 40), (960, 460)]
{0: (518.2852068406213, 134.78755641753952), 4: (904.4265644575001, 377.83059752599394), 1: (767.1516684098995, 256.0295946030512), 'white': (518.2852068406213, 134.78755641753952)}
[(40, 40), (40, 460), (500.0, 40), (500.0, 460), (960, 40), (960, 460)]
{0: (905.7130326106884, 329.25515209261476), 4: (718.265837484792, 262.55928797763477), 1: (767.1516684098995, 256.0295946030512), 'white': (905.7130326106884, 329.25515209261476)}
[(40, 40), (40, 460), (500.0, 40), (500.0, 460), (960, 40), (960, 460)]
{0: (549.6276271324798, 293.8198170789251), 4: (560.7973949517371, 133.06145925160678), 1: (765.4121298327573, 93.18323163907758), 'white': (549.6276271324798, 293.8198170789251)}
[(40, 40), (40, 460), (500.0, 40), (500.0, 460), (960, 40), (960, 460)]
{0: (716.0071040380316, 328.4213373606225), 4: (560.7973949517371, 133.06145925160678), 'white': (716.0071040380316, 328.4213373606225)}
[(40, 40), (40, 460), (500.0, 40), (500.0, 460), (960, 40), (960, 460)]
Level 3 failed

Max tries reached, moving to the next level

MAX_TRIES : 22
{0: (266.0, 250.0), 3: (774.0, 236.0), 2: (774.0, 264.0), 1: (200.0, 250.0), 'white': (266.0, 250.0)}
[(40, 40), (40, 460), (500.0, 40), (500.0, 460), (960, 40), (960, 460)]
{0: (147.1197038979374, 406.0256698257755), 3: (774.0, 236.0), 2: (774.0, 264.0), 1: (567.9331768218165, 120.01352880827764), 'white': (147.1197038979374, 406.0256698257755)}
[(40, 40), (40, 460), (500.0, 40), (500.0, 460), (960, 40), (960, 460)]
{0: (542.566754061001, 166.96937596735717), 3: (774.0, 236.0), 2: (774.0, 264.0), 1: (817.1446048299255, 93.88028457865362), 'white': (542.566754061001, 166.96937596735717)}
[(40, 40), (40, 460), (500.0, 40), (500.0, 460), (960, 40), (960, 460)]
{0: (601.7326159271585, 154.73363780047987), 3: (774.0, 236.0), 2: (774.0, 264.0), 1: (865.3744301891809, 246.16060603512116), 'white': (601.7326159271585, 154.73363780047987)}
[(40, 40), (40, 460), (500.0, 40), (500.0, 460), (960, 40), (960, 460)]
{0: (800.2706402262187, 207.91252518601667), 3: (591.4527583113597, 364.16270190795973), 2: (761.125432996644, 291.60926528314747), 1: (865.3744301891809, 246.16060603512116), 'white': (800.2706402262187, 207.91252518601667)}
[(40, 40), (40, 460), (500.0, 40), (500.0, 460), (960, 40), (960, 460)]
{0: (859.3583018153921, 143.34808146918616), 3: (591.4527583113597, 364.16270190795973), 2: (761.125432996644, 291.60926528314747), 1: (698.4452402129984, 125.16556540206686), 'white': (859.3583018153921, 143.34808146918616)}
[(40, 40), (40, 460), (500.0, 40), (500.0, 460), (960, 40), (960, 460)]
{0: (493.6994739275012, 400.96505466948133), 3: (591.4527583113597, 364.16270190795973), 2: (761.125432996644, 291.60926528314747), 1: (274.6648109773731, 298.83279467553683), 'white': (493.6994739275012, 400.96505466948133)}
[(40, 40), (40, 460), (500.0, 40), (500.0, 460), (960, 40), (960, 460)]
{3: (591.4527583113597, 364.16270190795973), 2: (761.125432996644, 291.60926528314747), 1: (85.4170636607576, 199.03569181114548), 0: (266.0, 250.0), 'white': (266.0, 250.0)}
[(40, 40), (40, 460), (500.0, 40), (500.0, 460), (960, 40), (960, 460)]
{3: (591.4527583113597, 364.16270190795973), 2: (761.125432996644, 291.60926528314747), 1: (357.99172179753936, 282.7987683242889), 0: (303.19473978325397, 412.6293247519295), 'white': (303.19473978325397, 412.6293247519295)}
[(40, 40), (40, 460), (500.0, 40), (500.0, 460), (960, 40), (960, 460)]
{3: (591.4527583113597, 364.16270190795973), 2: (761.125432996644, 291.60926528314747), 1: (528.4503799461331, 275.3190361813957), 0: (315.6749876908877, 397.6097189406588), 'white': (315.6749876908877, 397.6097189406588)}
[(40, 40), (40, 460), (500.0, 40), (500.0, 460), (960, 40), (960, 460)]
{3: (591.4527583113597, 364.16270190795973), 2: (761.125432996644, 291.60926528314747), 1: (930.1553563609854, 57.88902916191641), 0: (521.5150200062094, 263.14269229419244), 'white': (521.5150200062094, 263.14269229419244)}
[(40, 40), (40, 460), (500.0, 40), (500.0, 460), (960, 40), (960, 460)]
{3: (591.4527583113597, 364.16270190795973), 2: (761.125432996644, 291.60926528314747), 1: (930.1553563609854, 57.88902916191641), 0: (746.133175703171, 151.68263992703527), 'white': (746.133175703171, 151.68263992703527)}
[(40, 40), (40, 460), (500.0, 40), (500.0, 460), (960, 40), (960, 460)]
{3: (591.4527583113597, 364.16270190795973), 2: (761.125432996644, 291.60926528314747), 0: (897.6235722997025, 81.10172786292905), 'white': (897.6235722997025, 81.10172786292905)}
[(40, 40), (40, 460), (500.0, 40), (500.0, 460), (960, 40), (960, 460)]
{3: (591.4527583113597, 364.16270190795973), 2: (525.2819820695611, 116.43569900017809), 0: (700.1039145207033, 269.02557200867284), 'white': (700.1039145207033, 269.02557200867284)}
[(40, 40), (40, 460), (500.0, 40), (500.0, 460), (960, 40), (960, 460)]
{3: (591.4527583113597, 364.16270190795973), 2: (516.0811140616677, 86.75981213938367), 0: (511.5647166418081, 147.59453313634663), 'white': (511.5647166418081, 147.59453313634663)}
[(40, 40), (40, 460), (500.0, 40), (500.0, 460), (960, 40), (960, 460)]
{3: (591.4527583113597, 364.16270190795973), 0: (655.1403720383497, 97.7734611979614), 'white': (655.1403720383497, 97.7734611979614)}
[(40, 40), (40, 460), (500.0, 40), (500.0, 460), (960, 40), (960, 460)]
{3: (735.597104926561, 144.62197134072838), 0: (286.1989294519748, 373.07816434044446), 'white': (286.1989294519748, 373.07816434044446)}
[(40, 40), (40, 460), (500.0, 40), (500.0, 460), (960, 40), (960, 460)]
{3: (851.4088071316706, 126.04796405881508), 0: (722.3153622676572, 137.9303239342631), 'white': (722.3153622676572, 137.9303239342631)}
[(40, 40), (40, 460), (500.0, 40), (500.0, 460), (960, 40), (960, 460)]
{3: (859.9512280129352, 254.05275381416055), 0: (534.0662824341695, 415.6627959063196), 'white': (534.0662824341695, 415.6627959063196)}
[(40, 40), (40, 460), (500.0, 40), (500.0, 460), (960, 40), (960, 460)]
Level 4 passed
Tries : 19

MAX_TRIES : 20
{0: (266.0, 250.0), 4: (900.0, 380.0), 2: (250.0, 80.0), 3: (750.0, 420.0), 1: (750.0, 250.0), 'white': (266.0, 250.0)}
[(40, 40), (40, 460), (500.0, 40), (500.0, 460), (960, 40), (960, 460)]
{0: (873.0065553604129, 382.29458622294544), 4: (872.5651363745383, 416.5029615080925), 2: (250.0, 80.0), 3: (750.0, 420.0), 1: (853.9072078522598, 112.4006637352783), 'white': (873.0065553604129, 382.29458622294544)}
[(40, 40), (40, 460), (500.0, 40), (500.0, 460), (960, 40), (960, 460)]
{0: (661.3785856760547, 376.93979534578085), 4: (872.5651363745383, 416.5029615080925), 2: (250.0, 80.0), 3: (750.0, 420.0), 1: (929.5891892952095, 81.86830526128796), 'white': (661.3785856760547, 376.93979534578085)}
[(40, 40), (40, 460), (500.0, 40), (500.0, 460), (960, 40), (960, 460)]
{0: (831.5660189248351, 192.78524963325776), 4: (872.5651363745383, 416.5029615080925), 2: (250.0, 80.0), 3: (750.0, 420.0), 1: (929.5891892952095, 81.86830526128796), 'white': (831.5660189248351, 192.78524963325776)}
[(40, 40), (40, 460), (500.0, 40), (500.0, 460), (960, 40), (960, 460)]
{0: (917.9208571060552, 106.64931920434367), 4: (872.5651363745383, 416.5029615080925), 2: (250.0, 80.0), 3: (750.0, 420.0), 'white': (917.9208571060552, 106.64931920434367)}
[(40, 40), (40, 460), (500.0, 40), (500.0, 460), (960, 40), (960, 460)]
{0: (830.6382380872512, 321.05049711719437), 4: (872.5651363745383, 416.5029615080925), 2: (250.0, 80.0), 3: (460.63780119975405, 187.81010052910327), 'white': (830.6382380872512, 321.05049711719437)}
[(40, 40), (40, 460), (500.0, 40), (500.0, 460), (960, 40), (960, 460)]
{0: (273.119065328451, 341.9441731504588), 4: (872.5651363745383, 416.5029615080925), 2: (250.0, 80.0), 3: (264.6327449001174, 211.10471587800433), 'white': (273.119065328451, 341.9441731504588)}
[(40, 40), (40, 460), (500.0, 40), (500.0, 460), (960, 40), (960, 460)]
{4: (872.5651363745383, 416.5029615080925), 2: (250.0, 80.0), 3: (264.6327449001174, 211.10471587800433), 0: (266.0, 250.0), 'white': (266.0, 250.0)}
[(40, 40), (40, 460), (500.0, 40), (500.0, 460), (960, 40), (960, 460)]
{4: (872.5651363745383, 416.5029615080925), 2: (250.0, 80.0), 3: (264.6327449001174, 211.10471587800433), 0: (378.33502735632237, 393.7550225780949), 'white': (378.33502735632237, 393.7550225780949)}
[(40, 40), (40, 460), (500.0, 40), (500.0, 460), (960, 40), (960, 460)]
{4: (872.5651363745383, 416.5029615080925), 2: (250.0, 80.0), 3: (334.53542838141425, 126.42146213868777), 0: (266.0, 250.0), 'white': (266.0, 250.0)}
[(40, 40), (40, 460), (500.0, 40), (500.0, 460), (960, 40), (960, 460)]
{4: (872.5651363745383, 416.5029615080925), 2: (250.0, 80.0), 3: (490.37888341854887, 137.5132871848689), 0: (362.3325891460073, 264.5909521212433), 'white': (362.3325891460073, 264.5909521212433)}
[(40, 40), (40, 460), (500.0, 40), (500.0, 460), (960, 40), (960, 460)]
{4: (872.5651363745383, 416.5029615080925), 2: (250.0, 80.0), 3: (904.6392193826622, 97.31099397607885), 0: (415.22939956130244, 376.8452426762422), 'white': (415.22939956130244, 376.8452426762422)}
[(40, 40), (40, 460), (500.0, 40), (500.0, 460), (960, 40), (960, 460)]
{4: (872.5651363745383, 416.5029615080925), 2: (250.0, 80.0), 3: (904.6392193826622, 97.31099397607885), 0: (634.7608257374612, 255.67341400531936), 'white': (634.7608257374612, 255.67341400531936)}
[(40, 40), (40, 460), (500.0, 40), (500.0, 460), (960, 40), (960, 460)]
{4: (872.5651363745383, 416.5029615080925), 2: (250.0, 80.0), 3: (904.6392193826622, 97.31099397607885), 0: (854.29225191362, 134.50158533439645), 'white': (854.29225191362, 134.50158533439645)}
[(40, 40), (40, 460), (500.0, 40), (500.0, 460), (960, 40), (960, 460)]
{4: (872.5651363745383, 416.5029615080925), 2: (250.0, 80.0), 0: (904.058074778071, 153.20303444333092), 'white': (904.058074778071, 153.20303444333092)}
[(40, 40), (40, 460), (500.0, 40), (500.0, 460), (960, 40), (960, 460)]
{4: (872.5651363745383, 416.5029615080925), 2: (105.73549864065834, 112.00034443230115), 0: (262.2839050857623, 108.22125452262011), 'white': (262.2839050857623, 108.22125452262011)}
[(40, 40), (40, 460), (500.0, 40), (500.0, 460), (960, 40), (960, 460)]
{4: (872.5651363745383, 416.5029615080925), 2: (139.52194148259602, 164.9740972937216), 0: (552.9518666855968, 271.5429407763247), 'white': (552.9518666855968, 271.5429407763247)}
[(40, 40), (40, 460), (500.0, 40), (500.0, 460), (960, 40), (960, 460)]
{4: (872.5651363745383, 416.5029615080925), 2: (260.4133059997301, 178.6720608111156), 0: (102.4583869290286, 294.9571793457802), 'white': (102.4583869290286, 294.9571793457802)}
[(40, 40), (40, 460), (500.0, 40), (500.0, 460), (960, 40), (960, 460)]
{4: (872.5651363745383, 416.5029615080925), 2: (763.9641790518605, 82.15915632033249), 0: (202.47768870236473, 254.32714219735004), 'white': (202.47768870236473, 254.32714219735004)}
[(40, 40), (40, 460), (500.0, 40), (500.0, 460), (960, 40), (960, 460)]
{4: (872.5651363745383, 416.5029615080925), 2: (873.2002054276669, 114.87738938255887), 0: (742.6485620301396, 86.17349767439046), 'white': (742.6485620301396, 86.17349767439046)}
[(40, 40), (40, 460), (500.0, 40), (500.0, 460), (960, 40), (960, 460)]
{4: (872.5651363745383, 416.5029615080925), 2: (873.2002054276669, 114.87738938255887), 0: (430.36954420454873, 398.9392189603317), 'white': (430.36954420454873, 398.9392189603317)}
[(40, 40), (40, 460), (500.0, 40), (500.0, 460), (960, 40), (960, 460)]
Level 5 failed

Max tries reached, moving to the next level

MAX_TRIES : 18
{0: (266.0, 250.0), 2: (250.0, 80.0), 3: (750.0, 420.0), 1: (750.0, 250.0), 'white': (266.0, 250.0)}
[(40, 40), (40, 460), (500.0, 40), (500.0, 460), (960, 40), (960, 460)]
{0: (896.4425283696447, 421.83052277276215), 2: (250.0, 80.0), 3: (750.0, 420.0), 1: (853.9072078522598, 112.4006637352783), 'white': (896.4425283696447, 421.83052277276215)}
[(40, 40), (40, 460), (500.0, 40), (500.0, 460), (960, 40), (960, 460)]
{0: (642.9862584095208, 421.87881524976837), 2: (250.0, 80.0), 3: (750.0, 420.0), 1: (931.3208243614156, 78.59291079768641), 'white': (642.9862584095208, 421.87881524976837)}
[(40, 40), (40, 460), (500.0, 40), (500.0, 460), (960, 40), (960, 460)]
{0: (805.019366328472, 230.5102413393182), 2: (250.0, 80.0), 3: (750.0, 420.0), 1: (931.3208243614156, 78.59291079768641), 'white': (805.019366328472, 230.5102413393182)}
[(40, 40), (40, 460), (500.0, 40), (500.0, 460), (960, 40), (960, 460)]
{0: (918.320455727544, 99.87550245781368), 2: (250.0, 80.0), 3: (750.0, 420.0), 'white': (918.320455727544, 99.87550245781368)}
[(40, 40), (40, 460), (500.0, 40), (500.0, 460), (960, 40), (960, 460)]
{0: (746.5036153837626, 409.74786157937166), 2: (250.0, 80.0), 3: (555.3025401575832, 85.85888149067878), 'white': (746.5036153837626, 409.74786157937166)}
[(40, 40), (40, 460), (500.0, 40), (500.0, 460), (960, 40), (960, 460)]
{0: (624.9255318014651, 190.44116141986987), 2: (250.0, 80.0), 3: (555.3025401575832, 85.85888149067878), 'white': (624.9255318014651, 190.44116141986987)}
[(40, 40), (40, 460), (500.0, 40), (500.0, 460), (960, 40), (960, 460)]
{0: (604.8275206932359, 99.11727421435629), 2: (250.0, 80.0), 3: (452.7869685653245, 142.9035665516368), 'white': (604.8275206932359, 99.11727421435629)}
[(40, 40), (40, 460), (500.0, 40), (500.0, 460), (960, 40), (960, 460)]
{0: (432.88339091339185, 101.66208388403987), 2: (250.0, 80.0), 3: (266.0090984158915, 352.6331118725166), 'white': (432.88339091339185, 101.66208388403987)}
[(40, 40), (40, 460), (500.0, 40), (500.0, 460), (960, 40), (960, 460)]
{0: (207.33554737926048, 387.24207672658474), 2: (250.0, 80.0), 3: (303.9478210176489, 171.15440698064563), 'white': (207.33554737926048, 387.24207672658474)}
[(40, 40), (40, 460), (500.0, 40), (500.0, 460), (960, 40), (960, 460)]
{0: (219.85757417750384, 345.03878958029804), 2: (250.0, 80.0), 3: (538.4266725687411, 321.73669037879006), 'white': (219.85757417750384, 345.03878958029804)}
[(40, 40), (40, 460), (500.0, 40), (500.0, 460), (960, 40), (960, 460)]
{0: (685.9308525518251, 314.1387666135861), 2: (250.0, 80.0), 3: (862.4874861175517, 97.78582101966983), 'white': (685.9308525518251, 314.1387666135861)}
[(40, 40), (40, 460), (500.0, 40), (500.0, 460), (960, 40), (960, 460)]
{0: (756.4874642138582, 215.95915091358864), 2: (250.0, 80.0), 'white': (756.4874642138582, 215.95915091358864)}
[(40, 40), (40, 460), (500.0, 40), (500.0, 460), (960, 40), (960, 460)]
{0: (207.30784648347966, 165.20894065441294), 2: (117.74820041806255, 204.16362196801393), 'white': (207.30784648347966, 165.20894065441294)}
[(40, 40), (40, 460), (500.0, 40), (500.0, 460), (960, 40), (960, 460)]
{0: (127.5773369486387, 82.88778144918683), 2: (533.4771301776608, 292.7968020631927), 'white': (127.5773369486387, 82.88778144918683)}
[(40, 40), (40, 460), (500.0, 40), (500.0, 460), (960, 40), (960, 460)]
{0: (740.892698783982, 309.3664560714522), 2: (601.02011540952, 230.5497441037442), 'white': (740.892698783982, 309.3664560714522)}
[(40, 40), (40, 460), (500.0, 40), (500.0, 460), (960, 40), (960, 460)]
{0: (90.21224136710983, 335.74513316815467), 2: (543.6786563425259, 224.8034859211136), 'white': (90.21224136710983, 335.74513316815467)}
[(40, 40), (40, 460), (500.0, 40), (500.0, 460), (960, 40), (960, 460)]
{0: (564.3322217529228, 291.0524587029755), 2: (839.0981692938758, 87.28408821873086), 'white': (564.3322217529228, 291.0524587029755)}
[(40, 40), (40, 460), (500.0, 40), (500.0, 460), (960, 40), (960, 460)]
Level 6 passed
Tries : 18

MAX_TRIES : 16
{0: (266.0, 250.0), 2: (920.0, 200.0), 1: (500.0, 250.0), 4: (800.0, 380.0), 3: (100.0, 200.0), 'white': (266.0, 250.0)}
[(40, 40), (40, 460), (500.0, 40), (500.0, 460), (960, 40), (960, 460)]
{0: (329.3456639235192, 407.31259712932405), 2: (920.0, 200.0), 1: (500.0, 250.0), 4: (800.0, 380.0), 3: (320.9297045563294, 296.3454490580104), 'white': (329.3456639235192, 407.31259712932405)}
[(40, 40), (40, 460), (500.0, 40), (500.0, 460), (960, 40), (960, 460)]
{0: (67.91437008962225, 441.53981098782066), 2: (920.0, 200.0), 1: (500.0, 250.0), 4: (800.0, 380.0), 3: (320.9297045563294, 296.3454490580104), 'white': (67.91437008962225, 441.53981098782066)}
[(40, 40), (40, 460), (500.0, 40), (500.0, 460), (960, 40), (960, 460)]
{0: (491.4564669385518, 340.4275792651328), 2: (920.0, 200.0), 1: (500.0, 250.0), 4: (800.0, 380.0), 3: (320.9297045563294, 296.3454490580104), 'white': (491.4564669385518, 340.4275792651328)}
[(40, 40), (40, 460), (500.0, 40), (500.0, 460), (960, 40), (960, 460)]
{0: (150.57461748392012, 301.9876603391753), 2: (920.0, 200.0), 1: (500.0, 250.0), 4: (800.0, 380.0), 3: (114.52588949131261, 193.98697674529555), 'white': (150.57461748392012, 301.9876603391753)}
[(40, 40), (40, 460), (500.0, 40), (500.0, 460), (960, 40), (960, 460)]
{0: (475.7624193816147, 393.3811895527565), 2: (920.0, 200.0), 1: (500.0, 250.0), 4: (800.0, 380.0), 3: (212.77510888627393, 98.7728931684774), 'white': (475.7624193816147, 393.3811895527565)}
[(40, 40), (40, 460), (500.0, 40), (500.0, 460), (960, 40), (960, 460)]
{0: (252.9831201149048, 100.10115507607291), 2: (920.0, 200.0), 1: (500.0, 250.0), 4: (800.0, 380.0), 3: (252.24941412202756, 254.82426287618614), 'white': (252.9831201149048, 100.10115507607291)}
[(40, 40), (40, 460), (500.0, 40), (500.0, 460), (960, 40), (960, 460)]
{0: (170.57897678578212, 79.22563197387018), 2: (920.0, 200.0), 1: (500.0, 250.0), 4: (800.0, 380.0), 3: (397.1192459138885, 322.3208379950734), 'white': (170.57897678578212, 79.22563197387018)}
[(40, 40), (40, 460), (500.0, 40), (500.0, 460), (960, 40), (960, 460)]
{0: (593.9269153983296, 260.5579014023016), 2: (920.0, 200.0), 1: (487.3407395957762, 128.16251972271593), 4: (800.0, 380.0), 3: (472.00492423540896, 284.3746009124162), 'white': (593.9269153983296, 260.5579014023016)}
[(40, 40), (40, 460), (500.0, 40), (500.0, 460), (960, 40), (960, 460)]
{0: (492.3434060200152, 316.07937151448533), 2: (920.0, 200.0), 1: (487.3407395957762, 128.16251972271593), 4: (800.0, 380.0), 3: (331.166646178571, 285.8221493256831), 'white': (492.3434060200152, 316.07937151448533)}
[(40, 40), (40, 460), (500.0, 40), (500.0, 460), (960, 40), (960, 460)]
{0: (322.1452601893062, 340.04071957738506), 2: (920.0, 200.0), 1: (487.3407395957762, 128.16251972271593), 4: (800.0, 380.0), 3: (254.03631439091106, 233.7340674117417), 'white': (322.1452601893062, 340.04071957738506)}
[(40, 40), (40, 460), (500.0, 40), (500.0, 460), (960, 40), (960, 460)]
{0: (128.59144769393546, 207.6075567833594), 2: (920.0, 200.0), 1: (487.3407395957762, 128.16251972271593), 4: (800.0, 380.0), 3: (273.03638009631567, 188.09002115246162), 'white': (128.59144769393546, 207.6075567833594)}
[(40, 40), (40, 460), (500.0, 40), (500.0, 460), (960, 40), (960, 460)]
{0: (253.35743269743998, 202.32318221864168), 2: (920.0, 200.0), 1: (487.3407395957762, 128.16251972271593), 4: (800.0, 380.0), 3: (394.7594276406986, 161.44654521109968), 'white': (253.35743269743998, 202.32318221864168)}
[(40, 40), (40, 460), (500.0, 40), (500.0, 460), (960, 40), (960, 460)]
{0: (372.24242871962684, 157.31655744047745), 2: (920.0, 200.0), 1: (516.7348486260263, 102.05874328174768), 4: (800.0, 380.0), 3: (482.7105512729725, 161.77856710025114), 'white': (372.24242871962684, 157.31655744047745)}
[(40, 40), (40, 460), (500.0, 40), (500.0, 460), (960, 40), (960, 460)]
{0: (479.0619534871862, 226.06749988031456), 2: (920.0, 200.0), 1: (516.7348486260263, 102.05874328174768), 4: (800.0, 380.0), 3: (622.8565714795697, 124.58362075151194), 'white': (479.0619534871862, 226.06749988031456)}
[(40, 40), (40, 460), (500.0, 40), (500.0, 460), (960, 40), (960, 460)]
{0: (590.1714596970668, 91.52390570236425), 2: (920.0, 200.0), 1: (516.7348486260263, 102.05874328174768), 4: (800.0, 380.0), 3: (706.2253685803832, 103.716496472514), 'white': (590.1714596970668, 91.52390570236425)}
[(40, 40), (40, 460), (500.0, 40), (500.0, 460), (960, 40), (960, 460)]
{0: (703.9282556617001, 175.97377364675583), 2: (920.0, 200.0), 1: (516.7348486260263, 102.05874328174768), 4: (800.0, 380.0), 3: (836.2135354627159, 85.50710714374358), 'white': (703.9282556617001, 175.97377364675583)}
[(40, 40), (40, 460), (500.0, 40), (500.0, 460), (960, 40), (960, 460)]
Level 7 failed

Max tries reached, moving to the next level

MAX_TRIES : 14
{0: (266.0, 250.0), 2: (80.0, 200.0), 4: (300.0, 400.0), 1: (400.0, 250.0), 3: (900.0, 300.0), 'white': (266.0, 250.0)}
[(40, 40), (40, 460), (500.0, 40), (500.0, 460), (960, 40), (960, 460)]
{0: (725.9291112149496, 228.80767295837694), 2: (80.0, 200.0), 4: (300.0, 400.0), 1: (706.880464593027, 172.40980482940938), 3: (900.0, 300.0), 'white': (725.9291112149496, 228.80767295837694)}
[(40, 40), (40, 460), (500.0, 40), (500.0, 460), (960, 40), (960, 460)]
{0: (510.0201608488316, 203.71266778027984), 2: (80.0, 200.0), 4: (300.0, 400.0), 1: (706.880464593027, 172.40980482940938), 3: (920.9731799914786, 266.60011381747586), 'white': (510.0201608488316, 203.71266778027984)}
[(40, 40), (40, 460), (500.0, 40), (500.0, 460), (960, 40), (960, 460)]
{0: (606.2270708180532, 375.94205606947025), 2: (80.0, 200.0), 4: (300.0, 400.0), 1: (706.880464593027, 172.40980482940938), 3: (920.9731799914786, 266.60011381747586), 'white': (606.2270708180532, 375.94205606947025)}
[(40, 40), (40, 460), (500.0, 40), (500.0, 460), (960, 40), (960, 460)]
{0: (532.1514229700387, 284.8951832837967), 2: (80.0, 200.0), 4: (300.0, 400.0), 1: (706.880464593027, 172.40980482940938), 3: (920.4539586539911, 158.85167102859864), 'white': (532.1514229700387, 284.8951832837967)}
[(40, 40), (40, 460), (500.0, 40), (500.0, 460), (960, 40), (960, 460)]
{0: (614.4590963383799, 247.31334016209962), 2: (80.0, 200.0), 4: (300.0, 400.0), 1: (706.880464593027, 172.40980482940938), 'white': (614.4590963383799, 247.31334016209962)}
[(40, 40), (40, 460), (500.0, 40), (500.0, 460), (960, 40), (960, 460)]
{0: (640.4550820896703, 266.07781479512136), 2: (80.0, 200.0), 4: (300.0, 400.0), 1: (615.4839933441056, 123.73731212330627), 'white': (640.4550820896703, 266.07781479512136)}
[(40, 40), (40, 460), (500.0, 40), (500.0, 460), (960, 40), (960, 460)]
{0: (356.34993047341504, 301.53161324653), 2: (80.0, 200.0), 4: (300.0, 400.0), 1: (615.4839933441056, 123.73731212330627), 'white': (356.34993047341504, 301.53161324653)}
[(40, 40), (40, 460), (500.0, 40), (500.0, 460), (960, 40), (960, 460)]
{0: (592.4085368404237, 257.0015013843378), 2: (80.0, 200.0), 4: (300.0, 400.0), 1: (837.874184553203, 87.14640532017114), 'white': (592.4085368404237, 257.0015013843378)}
[(40, 40), (40, 460), (500.0, 40), (500.0, 460), (960, 40), (960, 460)]
{0: (789.5611970322897, 197.6390952468593), 2: (80.0, 200.0), 4: (300.0, 400.0), 'white': (789.5611970322897, 197.6390952468593)}
[(40, 40), (40, 460), (500.0, 40), (500.0, 460), (960, 40), (960, 460)]
{0: (318.6357590427698, 417.5096952588205), 2: (80.0, 200.0), 4: (110.4360932849646, 377.4214509802932), 'white': (318.6357590427698, 417.5096952588205)}
[(40, 40), (40, 460), (500.0, 40), (500.0, 460), (960, 40), (960, 460)]
{2: (80.0, 200.0), 4: (290.14404451035483, 93.65038044577325), 0: (266.0, 250.0), 'white': (266.0, 250.0)}
[(40, 40), (40, 460), (500.0, 40), (500.0, 460), (960, 40), (960, 460)]
{2: (80.0, 200.0), 4: (290.14404451035483, 93.65038044577325), 0: (246.6607246336443, 255.35828622474176), 'white': (246.6607246336443, 255.35828622474176)}
[(40, 40), (40, 460), (500.0, 40), (500.0, 460), (960, 40), (960, 460)]
{2: (80.0, 200.0), 4: (518.6929522726489, 192.1704411601185), 0: (93.33374104826115, 338.3823813686418), 'white': (93.33374104826115, 338.3823813686418)}
[(40, 40), (40, 460), (500.0, 40), (500.0, 460), (960, 40), (960, 460)]
{2: (80.0, 200.0), 4: (846.6835914875537, 78.98492683211735), 0: (510.6824771697126, 195.3135552066411), 'white': (510.6824771697126, 195.3135552066411)}
[(40, 40), (40, 460), (500.0, 40), (500.0, 460), (960, 40), (960, 460)]
Level 8 failed

Max tries reached, moving to the next level

MAX_TRIES : 12
{0: (266.0, 250.0), 4: (900.0, 380.0), 1: (500.0, 250.0), 3: (750.0, 300.0), 2: (900.0, 250.0), 5: (100.0, 200.0), 'white': (266.0, 250.0)}
[(40, 40), (40, 460), (500.0, 40), (500.0, 460), (960, 40), (960, 460)]
{0: (329.3456639235192, 407.31259712932405), 4: (900.0, 380.0), 1: (500.0, 250.0), 3: (750.0, 300.0), 2: (900.0, 250.0), 5: (320.9297045563294, 296.3454490580104), 'white': (329.3456639235192, 407.31259712932405)}
[(40, 40), (40, 460), (500.0, 40), (500.0, 460), (960, 40), (960, 460)]
{0: (67.91437008962225, 441.53981098782066), 4: (900.0, 380.0), 1: (500.0, 250.0), 3: (750.0, 300.0), 2: (900.0, 250.0), 5: (320.9297045563294, 296.3454490580104), 'white': (67.91437008962225, 441.53981098782066)}
[(40, 40), (40, 460), (500.0, 40), (500.0, 460), (960, 40), (960, 460)]
{0: (491.4564669385518, 340.4275792651328), 4: (900.0, 380.0), 1: (500.0, 250.0), 3: (750.0, 300.0), 2: (900.0, 250.0), 5: (320.9297045563294, 296.3454490580104), 'white': (491.4564669385518, 340.4275792651328)}
[(40, 40), (40, 460), (500.0, 40), (500.0, 460), (960, 40), (960, 460)]
{0: (150.57461748392012, 301.9876603391753), 4: (900.0, 380.0), 1: (500.0, 250.0), 3: (750.0, 300.0), 2: (900.0, 250.0), 5: (114.52588949131261, 193.98697674529555), 'white': (150.57461748392012, 301.9876603391753)}
[(40, 40), (40, 460), (500.0, 40), (500.0, 460), (960, 40), (960, 460)]
{0: (475.7624193816147, 393.3811895527565), 4: (900.0, 380.0), 1: (500.0, 250.0), 3: (750.0, 300.0), 2: (900.0, 250.0), 5: (212.77510888627393, 98.7728931684774), 'white': (475.7624193816147, 393.3811895527565)}
[(40, 40), (40, 460), (500.0, 40), (500.0, 460), (960, 40), (960, 460)]
{0: (252.9831201149048, 100.10115507607291), 4: (900.0, 380.0), 1: (500.0, 250.0), 3: (750.0, 300.0), 2: (900.0, 250.0), 5: (252.24941412202756, 254.82426287618614), 'white': (252.9831201149048, 100.10115507607291)}
[(40, 40), (40, 460), (500.0, 40), (500.0, 460), (960, 40), (960, 460)]
{0: (170.57897678578212, 79.22563197387018), 4: (900.0, 380.0), 1: (500.0, 250.0), 3: (750.0, 300.0), 2: (900.0, 250.0), 5: (397.1192459138885, 322.3208379950734), 'white': (170.57897678578212, 79.22563197387018)}
[(40, 40), (40, 460), (500.0, 40), (500.0, 460), (960, 40), (960, 460)]
{0: (593.9269153983296, 260.5579014023016), 4: (900.0, 380.0), 1: (487.3407395957762, 128.16251972271593), 3: (750.0, 300.0), 2: (900.0, 250.0), 5: (472.00492423540896, 284.3746009124162), 'white': (593.9269153983296, 260.5579014023016)}
[(40, 40), (40, 460), (500.0, 40), (500.0, 460), (960, 40), (960, 460)]
{0: (492.3434060200152, 316.07937151448533), 4: (900.0, 380.0), 1: (487.3407395957762, 128.16251972271593), 3: (750.0, 300.0), 2: (900.0, 250.0), 5: (331.166646178571, 285.8221493256831), 'white': (492.3434060200152, 316.07937151448533)}
[(40, 40), (40, 460), (500.0, 40), (500.0, 460), (960, 40), (960, 460)]
{0: (322.1452601893062, 340.04071957738506), 4: (900.0, 380.0), 1: (487.3407395957762, 128.16251972271593), 3: (750.0, 300.0), 2: (900.0, 250.0), 5: (254.03631439091106, 233.7340674117417), 'white': (322.1452601893062, 340.04071957738506)}
[(40, 40), (40, 460), (500.0, 40), (500.0, 460), (960, 40), (960, 460)]
{0: (128.59144769393546, 207.6075567833594), 4: (900.0, 380.0), 1: (487.3407395957762, 128.16251972271593), 3: (750.0, 300.0), 2: (900.0, 250.0), 5: (273.03638009631567, 188.09002115246162), 'white': (128.59144769393546, 207.6075567833594)}
[(40, 40), (40, 460), (500.0, 40), (500.0, 460), (960, 40), (960, 460)]
{0: (253.35743269743998, 202.32318221864168), 4: (900.0, 380.0), 1: (487.3407395957762, 128.16251972271593), 3: (750.0, 300.0), 2: (900.0, 250.0), 5: (394.7594276406986, 161.44654521109968), 'white': (253.35743269743998, 202.32318221864168)}
[(40, 40), (40, 460), (500.0, 40), (500.0, 460), (960, 40), (960, 460)]
Level 9 failed

Max tries reached, moving to the next level

#### Levels passed : 4 out of 10 ####
#### Marks : 2.0 out of 6.0 ####
