pygame 2.5.2 (SDL 2.28.2, Python 3.8.10)
Hello from the pygame community. https://www.pygame.org/contribute.html
[30, 28, 26, 24, 22, 20, 18, 16, 14, 12]
Running the agent on 10 runs
MAX_TRIES : 30
{0: (266.0, 250.0), 3: (80.0, 80.0), 1: (920.0, 80.0), 2: (920.0, 420.0), 'white': (266.0, 250.0)}
[(40, 40), (40, 460), (500.0, 40), (500.0, 460), (960, 40), (960, 460)]
{0: (505.9465600079096, 322.8169450249356), 3: (80.0, 80.0), 1: (920.0, 80.0), 2: (920.0, 420.0), 'white': (505.9465600079096, 322.8169450249356)}
[(40, 40), (40, 460), (500.0, 40), (500.0, 460), (960, 40), (960, 460)]
{0: (746.404703658882, 393.92629950324863), 3: (80.0, 80.0), 1: (920.0, 80.0), 2: (920.0, 420.0), 'white': (746.404703658882, 393.92629950324863)}
[(40, 40), (40, 460), (500.0, 40), (500.0, 460), (960, 40), (960, 460)]
{0: (907.9675891130803, 349.92125875805664), 3: (80.0, 80.0), 1: (920.0, 80.0), 'white': (907.9675891130803, 349.92125875805664)}
[(40, 40), (40, 460), (500.0, 40), (500.0, 460), (960, 40), (960, 460)]
{0: (900.0901046927291, 99.60978188612135), 3: (80.0, 80.0), 1: (920.0438400514712, 79.95660440396308), 'white': (900.0901046927291, 99.60978188612135)}
[(40, 40), (40, 460), (500.0, 40), (500.0, 460), (960, 40), (960, 460)]
{0: (782.0796131794817, 270.7707387039759), 3: (80.0, 80.0), 1: (920.0438400514712, 79.95660440396308), 'white': (782.0796131794817, 270.7707387039759)}
[(40, 40), (40, 460), (500.0, 40), (500.0, 460), (960, 40), (960, 460)]
{0: (897.0124775147016, 93.88862286380697), 3: (80.0, 80.0), 'white': (897.0124775147016, 93.88862286380697)}
[(40, 40), (40, 460), (500.0, 40), (500.0, 460), (960, 40), (960, 460)]
{0: (646.2624625192652, 94.93223303143373), 3: (80.0, 80.0), 'white': (646.2624625192652, 94.93223303143373)}
[(40, 40), (40, 460), (500.0, 40), (500.0, 460), (960, 40), (960, 460)]
{0: (395.52672814274575, 97.80462733955171), 3: (80.0, 80.0), 'white': (395.52672814274575, 97.80462733955171)}
[(40, 40), (40, 460), (500.0, 40), (500.0, 460), (960, 40), (960, 460)]
{0: (144.77927753563716, 99.34578159187743), 3: (80.0, 80.0), 'white': (144.77927753563716, 99.34578159187743)}
[(40, 40), (40, 460), (500.0, 40), (500.0, 460), (960, 40), (960, 460)]
Level 0 passed
Tries : 10

MAX_TRIES : 28
{0: (266.0, 250.0), 3: (774.0, 236.0), 2: (774.0, 264.0), 1: (750.0, 250.0), 'white': (266.0, 250.0)}
[(40, 40), (40, 460), (500.0, 40), (500.0, 460), (960, 40), (960, 460)]
{0: (846.420844711763, 415.7168443990601), 3: (908.1466832291493, 140.4011534668087), 2: (861.9408232158111, 315.2988135425566), 1: (705.578583897165, 154.33894096797337), 'white': (846.420844711763, 415.7168443990601)}
[(40, 40), (40, 460), (500.0, 40), (500.0, 460), (960, 40), (960, 460)]
{0: (407.64307891497526, 357.8466572066885), 3: (908.1466832291493, 140.4011534668087), 2: (861.9408232158111, 315.2988135425566), 1: (705.578583897165, 154.33894096797337), 'white': (407.64307891497526, 357.8466572066885)}
[(40, 40), (40, 460), (500.0, 40), (500.0, 460), (960, 40), (960, 460)]
{0: (685.5412113190641, 130.48174877659275), 3: (920.562128508951, 247.78791281180457), 2: (861.9408232158111, 315.2988135425566), 1: (797.5373643375659, 96.9339461040105), 'white': (685.5412113190641, 130.48174877659275)}
[(40, 40), (40, 460), (500.0, 40), (500.0, 460), (960, 40), (960, 460)]
{0: (665.5283615290645, 103.00220576334647), 3: (920.562128508951, 247.78791281180457), 2: (861.9408232158111, 315.2988135425566), 1: (680.7386155906297, 421.5485523844393), 'white': (665.5283615290645, 103.00220576334647)}
[(40, 40), (40, 460), (500.0, 40), (500.0, 460), (960, 40), (960, 460)]
{0: (450.3927358394493, 116.4436709270752), 3: (920.562128508951, 247.78791281180457), 2: (893.8331842045762, 285.11007271339633), 1: (848.5719335519568, 338.99429434281404), 'white': (450.3927358394493, 116.4436709270752)}
[(40, 40), (40, 460), (500.0, 40), (500.0, 460), (960, 40), (960, 460)]
{0: (797.3245449915704, 270.1171164771945), 3: (918.0553567474806, 240.6419081614137), 2: (902.9395720256941, 269.27063324610896), 1: (885.5634134932675, 311.23169978588083), 'white': (797.3245449915704, 270.1171164771945)}
[(40, 40), (40, 460), (500.0, 40), (500.0, 460), (960, 40), (960, 460)]
{0: (554.9027744376174, 86.78326630362811), 3: (915.4714314095552, 222.76338331672926), 2: (895.7305935095133, 258.0449248044355), 1: (915.3329878102156, 297.8615808764379), 'white': (554.9027744376174, 86.78326630362811)}
[(40, 40), (40, 460), (500.0, 40), (500.0, 460), (960, 40), (960, 460)]
{0: (824.3081410271523, 262.66461665976686), 3: (921.5071046891168, 219.45329297664858), 2: (864.4942881510823, 176.4018843508668), 1: (784.8352003989536, 304.4040083057733), 'white': (824.3081410271523, 262.66461665976686)}
[(40, 40), (40, 460), (500.0, 40), (500.0, 460), (960, 40), (960, 460)]
{0: (836.113440575638, 374.80337710616504), 3: (921.5071046891168, 219.45329297664858), 2: (864.4942881510823, 176.4018843508668), 1: (259.0213374676684, 94.99829867765371), 'white': (836.113440575638, 374.80337710616504)}
[(40, 40), (40, 460), (500.0, 40), (500.0, 460), (960, 40), (960, 460)]
{0: (206.20943742740891, 181.86507254361638), 3: (921.5071046891168, 219.45329297664858), 2: (864.4942881510823, 176.4018843508668), 1: (170.3474274747794, 144.570550027365), 'white': (206.20943742740891, 181.86507254361638)}
[(40, 40), (40, 460), (500.0, 40), (500.0, 460), (960, 40), (960, 460)]
{0: (417.63566312121566, 312.1267509708719), 3: (921.5071046891168, 219.45329297664858), 2: (864.4942881510823, 176.4018843508668), 1: (153.98779159694251, 381.5244303680534), 'white': (417.63566312121566, 312.1267509708719)}
[(40, 40), (40, 460), (500.0, 40), (500.0, 460), (960, 40), (960, 460)]
{0: (150.91815386289582, 386.65806878274236), 3: (921.5071046891168, 219.45329297664858), 2: (864.4942881510823, 176.4018843508668), 'white': (150.91815386289582, 386.65806878274236)}
[(40, 40), (40, 460), (500.0, 40), (500.0, 460), (960, 40), (960, 460)]
{0: (880.3741114941413, 220.1573645883052), 3: (921.5071046891168, 219.45329297664858), 2: (897.8430010896013, 134.87892066467504), 'white': (880.3741114941413, 220.1573645883052)}
[(40, 40), (40, 460), (500.0, 40), (500.0, 460), (960, 40), (960, 460)]
{0: (596.0188754414635, 360.9513587339076), 3: (921.5071046891168, 219.45329297664858), 2: (679.5474519877052, 180.24043366952606), 'white': (596.0188754414635, 360.9513587339076)}
[(40, 40), (40, 460), (500.0, 40), (500.0, 460), (960, 40), (960, 460)]
{0: (527.0197498876482, 386.2183463638189), 3: (921.5071046891168, 219.45329297664858), 2: (844.3752960563814, 81.69567349661084), 'white': (527.0197498876482, 386.2183463638189)}
[(40, 40), (40, 460), (500.0, 40), (500.0, 460), (960, 40), (960, 460)]
{0: (794.9898302635253, 146.67149782589223), 3: (921.5071046891168, 219.45329297664858), 2: (726.5470713775763, 219.22307843652612), 'white': (794.9898302635253, 146.67149782589223)}
[(40, 40), (40, 460), (500.0, 40), (500.0, 460), (960, 40), (960, 460)]
{0: (660.9458697787207, 180.76648163776815), 3: (921.5071046891168, 219.45329297664858), 2: (306.13043814020796, 131.97766295836226), 'white': (660.9458697787207, 180.76648163776815)}
[(40, 40), (40, 460), (500.0, 40), (500.0, 460), (960, 40), (960, 460)]
{0: (144.24519180510367, 336.8163587825073), 3: (921.5071046891168, 219.45329297664858), 2: (115.16395985457062, 229.56081053104958), 'white': (144.24519180510367, 336.8163587825073)}
[(40, 40), (40, 460), (500.0, 40), (500.0, 460), (960, 40), (960, 460)]
{0: (402.6305309103745, 420.9434700626269), 3: (921.5071046891168, 219.45329297664858), 2: (178.32691012328067, 184.68803500894685), 'white': (402.6305309103745, 420.9434700626269)}
[(40, 40), (40, 460), (500.0, 40), (500.0, 460), (960, 40), (960, 460)]
{0: (354.38213796641264, 169.31709921013524), 3: (921.5071046891168, 219.45329297664858), 2: (237.18764056367655, 88.92401632054079), 'white': (354.38213796641264, 169.31709921013524)}
[(40, 40), (40, 460), (500.0, 40), (500.0, 460), (960, 40), (960, 460)]
{0: (247.23767730910734, 371.66790503879207), 3: (921.5071046891168, 219.45329297664858), 2: (137.64509659323988, 256.49022181804844), 'white': (247.23767730910734, 371.66790503879207)}
[(40, 40), (40, 460), (500.0, 40), (500.0, 460), (960, 40), (960, 460)]
{0: (536.9754257051651, 147.51139566282205), 3: (921.5071046891168, 219.45329297664858), 2: (192.81343330272264, 149.94111512879704), 'white': (536.9754257051651, 147.51139566282205)}
[(40, 40), (40, 460), (500.0, 40), (500.0, 460), (960, 40), (960, 460)]
{0: (365.96396097302454, 210.7051030007463), 3: (921.5071046891168, 219.45329297664858), 2: (189.68987801450774, 95.99041822562664), 'white': (365.96396097302454, 210.7051030007463)}
[(40, 40), (40, 460), (500.0, 40), (500.0, 460), (960, 40), (960, 460)]
{0: (370.4629719056859, 190.7587326921959), 3: (921.5071046891168, 219.45329297664858), 2: (112.80658927420222, 379.56348691057804), 'white': (370.4629719056859, 190.7587326921959)}
[(40, 40), (40, 460), (500.0, 40), (500.0, 460), (960, 40), (960, 460)]
{0: (106.35154943497507, 316.15099111919704), 3: (921.5071046891168, 219.45329297664858), 'white': (106.35154943497507, 316.15099111919704)}
[(40, 40), (40, 460), (500.0, 40), (500.0, 460), (960, 40), (960, 460)]
{0: (895.3453445108597, 240.5524278786416), 3: (921.5071046891168, 219.45329297664858), 'white': (895.3453445108597, 240.5524278786416)}
[(40, 40), (40, 460), (500.0, 40), (500.0, 460), (960, 40), (960, 460)]
{0: (297.7111488546515, 316.86944052837543), 3: (893.9783732464791, 144.0877998172854), 'white': (297.7111488546515, 316.86944052837543)}
[(40, 40), (40, 460), (500.0, 40), (500.0, 460), (960, 40), (960, 460)]
{0: (816.757300393713, 208.29689833100718), 3: (921.9841514174004, 69.42763231012115), 'white': (816.757300393713, 208.29689833100718)}
[(40, 40), (40, 460), (500.0, 40), (500.0, 460), (960, 40), (960, 460)]
Level 1 failed

Max tries reached, moving to the next level

MAX_TRIES : 26
{0: (266.0, 250.0), 2: (250.0, 80.0), 3: (750.0, 420.0), 1: (750.0, 250.0), 'white': (266.0, 250.0)}
[(40, 40), (40, 460), (500.0, 40), (500.0, 460), (960, 40), (960, 460)]
{0: (826.742606152838, 372.0046673607224), 2: (250.0, 80.0), 3: (750.0, 420.0), 1: (777.9254831757469, 171.7126246946126), 'white': (826.742606152838, 372.0046673607224)}
[(40, 40), (40, 460), (500.0, 40), (500.0, 460), (960, 40), (960, 460)]
{0: (411.0371341070693, 382.3152961118385), 2: (250.0, 80.0), 3: (750.0, 420.0), 1: (907.1730179577122, 85.1696268792978), 'white': (411.0371341070693, 382.3152961118385)}
[(40, 40), (40, 460), (500.0, 40), (500.0, 460), (960, 40), (960, 460)]
{0: (627.3611484551008, 255.50606948086227), 2: (250.0, 80.0), 3: (750.0, 420.0), 1: (907.1730179577122, 85.1696268792978), 'white': (627.3611484551008, 255.50606948086227)}
[(40, 40), (40, 460), (500.0, 40), (500.0, 460), (960, 40), (960, 460)]
{0: (843.8687617045848, 129.01056542081287), 2: (250.0, 80.0), 3: (750.0, 420.0), 1: (907.1730179577122, 85.1696268792978), 'white': (843.8687617045848, 129.01056542081287)}
[(40, 40), (40, 460), (500.0, 40), (500.0, 460), (960, 40), (960, 460)]
{0: (911.864828657382, 117.66711469575809), 2: (250.0, 80.0), 3: (750.0, 420.0), 'white': (911.864828657382, 117.66711469575809)}
[(40, 40), (40, 460), (500.0, 40), (500.0, 460), (960, 40), (960, 460)]
{0: (780.9797674814183, 125.79880784077451), 2: (250.0, 80.0), 3: (496.58028527068154, 318.59716638538646), 'white': (780.9797674814183, 125.79880784077451)}
[(40, 40), (40, 460), (500.0, 40), (500.0, 460), (960, 40), (960, 460)]
{0: (341.1561423357521, 217.77886900653968), 2: (250.0, 80.0), 3: (273.1926590113541, 212.43853579155325), 'white': (341.1561423357521, 217.77886900653968)}
[(40, 40), (40, 460), (500.0, 40), (500.0, 460), (960, 40), (960, 460)]
{0: (204.50187809753353, 408.09903374249933), 2: (311.7071882740214, 125.8324990800585), 3: (415.8371907600582, 238.62845266895442), 'white': (204.50187809753353, 408.09903374249933)}
[(40, 40), (40, 460), (500.0, 40), (500.0, 460), (960, 40), (960, 460)]
{0: (373.55224737218845, 179.91417021396055), 2: (311.7071882740214, 125.8324990800585), 3: (845.3476066604951, 167.68936155356369), 'white': (373.55224737218845, 179.91417021396055)}
[(40, 40), (40, 460), (500.0, 40), (500.0, 460), (960, 40), (960, 460)]
{0: (820.5195188007698, 345.7601983201227), 2: (311.7071882740214, 125.8324990800585), 'white': (820.5195188007698, 345.7601983201227)}
[(40, 40), (40, 460), (500.0, 40), (500.0, 460), (960, 40), (960, 460)]
{0: (269.79742772331844, 195.90918106564854), 2: (133.03279832140453, 173.8496264827648), 'white': (269.79742772331844, 195.90918106564854)}
[(40, 40), (40, 460), (500.0, 40), (500.0, 460), (960, 40), (960, 460)]
{0: (96.82904159566621, 330.8459177182508), 2: (541.5360603908425, 201.28089193484698), 'white': (96.82904159566621, 330.8459177182508)}
[(40, 40), (40, 460), (500.0, 40), (500.0, 460), (960, 40), (960, 460)]
{0: (539.3423678960446, 216.30827188598596), 2: (856.5234422513164, 94.17584062213656), 'white': (539.3423678960446, 216.30827188598596)}
[(40, 40), (40, 460), (500.0, 40), (500.0, 460), (960, 40), (960, 460)]
{0: (724.1291008056781, 371.171747306356), 2: (904.9231621683886, 136.0194303157441), 'white': (724.1291008056781, 371.171747306356)}
[(40, 40), (40, 460), (500.0, 40), (500.0, 460), (960, 40), (960, 460)]
Level 2 passed
Tries : 15

MAX_TRIES : 24
{0: (266.0, 250.0), 4: (900.0, 380.0), 3: (770.0, 420.0), 2: (250.0, 80.0), 1: (500.0, 250.0), 'white': (266.0, 250.0)}
[(40, 40), (40, 460), (500.0, 40), (500.0, 460), (960, 40), (960, 460)]
{0: (735.8427897059314, 317.5433150496978), 4: (900.0, 380.0), 3: (770.0, 420.0), 2: (250.0, 80.0), 1: (819.4094226883964, 148.53852527258627), 'white': (735.8427897059314, 317.5433150496978)}
[(40, 40), (40, 460), (500.0, 40), (500.0, 460), (960, 40), (960, 460)]
{0: (634.3360659052524, 303.3104443497297), 4: (900.0, 380.0), 3: (770.0, 420.0), 2: (250.0, 80.0), 'white': (634.3360659052524, 303.3104443497297)}
[(40, 40), (40, 460), (500.0, 40), (500.0, 460), (960, 40), (960, 460)]
{0: (138.71338890195952, 301.8537376294207), 4: (900.0, 380.0), 3: (770.0, 420.0), 2: (178.605470838882, 145.36135297102982), 'white': (138.71338890195952, 301.8537376294207)}
[(40, 40), (40, 460), (500.0, 40), (500.0, 460), (960, 40), (960, 460)]
{0: (173.06183167033453, 384.76969720421283), 4: (900.0, 380.0), 3: (770.0, 420.0), 2: (408.01952954958034, 333.0388181445885), 'white': (173.06183167033453, 384.76969720421283)}
[(40, 40), (40, 460), (500.0, 40), (500.0, 460), (960, 40), (960, 460)]
{4: (900.0, 380.0), 3: (770.0, 420.0), 2: (816.2535623803877, 100.53461069330662), 0: (266.0, 250.0), 'white': (266.0, 250.0)}
[(40, 40), (40, 460), (500.0, 40), (500.0, 460), (960, 40), (960, 460)]
{4: (900.0, 380.0), 3: (770.0, 420.0), 0: (798.9736416420254, 97.194042508432), 'white': (798.9736416420254, 97.194042508432)}
[(40, 40), (40, 460), (500.0, 40), (500.0, 460), (960, 40), (960, 460)]
{4: (900.0, 380.0), 3: (916.302829860226, 92.26108386497647), 0: (560.80073967803, 352.73487784437884), 'white': (560.80073967803, 352.73487784437884)}
[(40, 40), (40, 460), (500.0, 40), (500.0, 460), (960, 40), (960, 460)]
{4: (900.0, 380.0), 3: (916.302829860226, 92.26108386497647), 0: (765.052307499129, 207.2771307663483), 'white': (765.052307499129, 207.2771307663483)}
[(40, 40), (40, 460), (500.0, 40), (500.0, 460), (960, 40), (960, 460)]
{4: (900.0, 380.0), 0: (917.2349555909798, 122.96264433830376), 'white': (917.2349555909798, 122.96264433830376)}
[(40, 40), (40, 460), (500.0, 40), (500.0, 460), (960, 40), (960, 460)]
{4: (885.800961726965, 382.86580459072366), 0: (879.7235612982477, 148.22251978420374), 'white': (879.7235612982477, 148.22251978420374)}
[(40, 40), (40, 460), (500.0, 40), (500.0, 460), (960, 40), (960, 460)]
{4: (836.8940984805082, 151.57590073564816), 0: (747.8497531347779, 418.50505815272425), 'white': (747.8497531347779, 418.50505815272425)}
[(40, 40), (40, 460), (500.0, 40), (500.0, 460), (960, 40), (960, 460)]
Level 3 passed
Tries : 12

MAX_TRIES : 22
{0: (266.0, 250.0), 1: (200.0, 250.0), 3: (774.0, 236.0), 2: (774.0, 264.0), 'white': (266.0, 250.0)}
[(40, 40), (40, 460), (500.0, 40), (500.0, 460), (960, 40), (960, 460)]
{0: (870.025503034991, 420.3262021898983), 1: (200.0, 250.0), 3: (760.5889066407708, 145.86821851610796), 2: (877.2605259676719, 227.50365107553924), 'white': (870.025503034991, 420.3262021898983)}
[(40, 40), (40, 460), (500.0, 40), (500.0, 460), (960, 40), (960, 460)]
{0: (649.7843747530584, 123.98890303964953), 1: (200.0, 250.0), 3: (760.5889066407708, 145.86821851610796), 2: (773.3890168596073, 383.3912771277029), 'white': (649.7843747530584, 123.98890303964953)}
[(40, 40), (40, 460), (500.0, 40), (500.0, 460), (960, 40), (960, 460)]
{0: (694.0945827248344, 91.94548494057443), 1: (200.0, 250.0), 3: (795.7397978697002, 129.7548699280327), 2: (882.7009567296915, 393.84978730707024), 'white': (694.0945827248344, 91.94548494057443)}
[(40, 40), (40, 460), (500.0, 40), (500.0, 460), (960, 40), (960, 460)]
{0: (770.0289454257551, 214.37795544054518), 1: (200.0, 250.0), 3: (795.7397978697002, 129.7548699280327), 'white': (770.0289454257551, 214.37795544054518)}
[(40, 40), (40, 460), (500.0, 40), (500.0, 460), (960, 40), (960, 460)]
{0: (572.0379575539632, 264.1537859622419), 1: (200.0, 250.0), 'white': (572.0379575539632, 264.1537859622419)}
[(40, 40), (40, 460), (500.0, 40), (500.0, 460), (960, 40), (960, 460)]
{0: (158.99901729676478, 370.29769271301905), 1: (298.3481560982233, 123.75864903692664), 'white': (158.99901729676478, 370.29769271301905)}
[(40, 40), (40, 460), (500.0, 40), (500.0, 460), (960, 40), (960, 460)]
{0: (190.72415055934462, 391.0567301333563), 1: (519.6748526554817, 131.61138606909518), 'white': (190.72415055934462, 391.0567301333563)}
[(40, 40), (40, 460), (500.0, 40), (500.0, 460), (960, 40), (960, 460)]
{1: (852.1191833516305, 158.26902008509182), 0: (266.0, 250.0), 'white': (266.0, 250.0)}
[(40, 40), (40, 460), (500.0, 40), (500.0, 460), (960, 40), (960, 460)]
Level 4 passed
Tries : 9

MAX_TRIES : 20
{0: (266.0, 250.0), 4: (900.0, 380.0), 2: (250.0, 80.0), 3: (750.0, 420.0), 1: (750.0, 250.0), 'white': (266.0, 250.0)}
[(40, 40), (40, 460), (500.0, 40), (500.0, 460), (960, 40), (960, 460)]
{0: (854.1839600241866, 387.9140293378358), 4: (892.1239237694713, 413.43413513240404), 2: (250.0, 80.0), 3: (750.0, 420.0), 1: (859.2255578374934, 110.40293277058073), 'white': (854.1839600241866, 387.9140293378358)}
[(40, 40), (40, 460), (500.0, 40), (500.0, 460), (960, 40), (960, 460)]
{0: (609.2244547531295, 405.17748651101715), 4: (892.1239237694713, 413.43413513240404), 2: (250.0, 80.0), 3: (750.0, 420.0), 'white': (609.2244547531295, 405.17748651101715)}
[(40, 40), (40, 460), (500.0, 40), (500.0, 460), (960, 40), (960, 460)]
{0: (694.4798511921044, 126.8437462634357), 4: (892.1239237694713, 413.43413513240404), 2: (250.0, 80.0), 3: (907.2846972670629, 241.4025049449992), 'white': (694.4798511921044, 126.8437462634357)}
[(40, 40), (40, 460), (500.0, 40), (500.0, 460), (960, 40), (960, 460)]
{0: (555.4721569435029, 282.4738207764667), 4: (892.1239237694713, 413.43413513240404), 2: (250.0, 80.0), 3: (907.2846972670629, 241.4025049449992), 'white': (555.4721569435029, 282.4738207764667)}
[(40, 40), (40, 460), (500.0, 40), (500.0, 460), (960, 40), (960, 460)]
{0: (555.7109398971525, 313.79597183796164), 4: (892.1239237694713, 413.43413513240404), 2: (250.0, 80.0), 3: (899.4544390707385, 184.48038827327707), 'white': (555.7109398971525, 313.79597183796164)}
[(40, 40), (40, 460), (500.0, 40), (500.0, 460), (960, 40), (960, 460)]
{0: (640.8195086462763, 298.19892453447653), 4: (892.1239237694713, 413.43413513240404), 2: (250.0, 80.0), 'white': (640.8195086462763, 298.19892453447653)}
[(40, 40), (40, 460), (500.0, 40), (500.0, 460), (960, 40), (960, 460)]
{0: (118.57457518949937, 316.95427103392177), 4: (892.1239237694713, 413.43413513240404), 2: (83.89197811911129, 164.21471365932916), 'white': (118.57457518949937, 316.95427103392177)}
[(40, 40), (40, 460), (500.0, 40), (500.0, 460), (960, 40), (960, 460)]
{0: (252.9264616424583, 166.20443627081139), 4: (892.1239237694713, 413.43413513240404), 'white': (252.9264616424583, 166.20443627081139)}
[(40, 40), (40, 460), (500.0, 40), (500.0, 460), (960, 40), (960, 460)]
Level 5 passed
Tries : 9

MAX_TRIES : 18
{0: (266.0, 250.0), 1: (750.0, 250.0), 3: (750.0, 420.0), 2: (250.0, 80.0), 'white': (266.0, 250.0)}
[(40, 40), (40, 460), (500.0, 40), (500.0, 460), (960, 40), (960, 460)]
{0: (87.29026395803717, 262.1996621797654), 1: (750.0, 250.0), 3: (750.0, 420.0), 2: (250.0, 80.0), 'white': (87.29026395803717, 262.1996621797654)}
[(40, 40), (40, 460), (500.0, 40), (500.0, 460), (960, 40), (960, 460)]
{0: (194.2489048851958, 418.93689442099657), 1: (750.0, 250.0), 3: (750.0, 420.0), 2: (615.332881550464, 133.44318880544137), 'white': (194.2489048851958, 418.93689442099657)}
[(40, 40), (40, 460), (500.0, 40), (500.0, 460), (960, 40), (960, 460)]
{0: (575.3556902683193, 101.55154388674801), 1: (750.0, 250.0), 3: (750.0, 420.0), 2: (882.8608107124131, 102.54431178373946), 'white': (575.3556902683193, 101.55154388674801)}
[(40, 40), (40, 460), (500.0, 40), (500.0, 460), (960, 40), (960, 460)]
{0: (778.7764202499415, 302.4596050216719), 1: (593.206170761068, 284.9281223893749), 3: (750.0, 420.0), 2: (861.001456597435, 212.38775256945044), 'white': (778.7764202499415, 302.4596050216719)}
[(40, 40), (40, 460), (500.0, 40), (500.0, 460), (960, 40), (960, 460)]
{0: (702.9074790071517, 303.267160187124), 1: (593.206170761068, 284.9281223893749), 3: (750.0, 420.0), 2: (813.205343370426, 401.75003261323565), 'white': (702.9074790071517, 303.267160187124)}
[(40, 40), (40, 460), (500.0, 40), (500.0, 460), (960, 40), (960, 460)]
{0: (903.6934653824101, 199.10464402864147), 1: (593.206170761068, 284.9281223893749), 3: (750.0, 420.0), 2: (760.1121703456387, 349.2925440580112), 'white': (903.6934653824101, 199.10464402864147)}
[(40, 40), (40, 460), (500.0, 40), (500.0, 460), (960, 40), (960, 460)]
{0: (835.4993134861426, 381.92479557789005), 1: (593.206170761068, 284.9281223893749), 3: (750.0, 420.0), 2: (295.73145184953916, 205.2431614914676), 'white': (835.4993134861426, 381.92479557789005)}
[(40, 40), (40, 460), (500.0, 40), (500.0, 460), (960, 40), (960, 460)]
{0: (87.96127603038917, 269.0858683526855), 1: (600.4513797959772, 183.0110654988392), 3: (750.0, 420.0), 2: (295.73145184953916, 205.2431614914676), 'white': (87.96127603038917, 269.0858683526855)}
[(40, 40), (40, 460), (500.0, 40), (500.0, 460), (960, 40), (960, 460)]
{0: (289.9712066213346, 78.0811375551749), 1: (836.8341395252202, 237.8063464257878), 3: (750.0, 420.0), 2: (607.4867384552143, 98.76258512328462), 'white': (289.9712066213346, 78.0811375551749)}
[(40, 40), (40, 460), (500.0, 40), (500.0, 460), (960, 40), (960, 460)]
{0: (613.4819337623162, 167.1819198396995), 1: (836.8341395252202, 237.8063464257878), 3: (750.0, 420.0), 'white': (613.4819337623162, 167.1819198396995)}
[(40, 40), (40, 460), (500.0, 40), (500.0, 460), (960, 40), (960, 460)]
{0: (696.2404553549115, 114.76562048152032), 1: (836.8341395252202, 237.8063464257878), 'white': (696.2404553549115, 114.76562048152032)}
[(40, 40), (40, 460), (500.0, 40), (500.0, 460), (960, 40), (960, 460)]
{0: (683.9508691599392, 154.66527184655135), 1: (844.188143248093, 231.87898593541502), 'white': (683.9508691599392, 154.66527184655135)}
[(40, 40), (40, 460), (500.0, 40), (500.0, 460), (960, 40), (960, 460)]
{0: (560.6249099151585, 256.6798534937638), 1: (844.188143248093, 231.87898593541502), 'white': (560.6249099151585, 256.6798534937638)}
[(40, 40), (40, 460), (500.0, 40), (500.0, 460), (960, 40), (960, 460)]
{0: (603.4320592759398, 416.6281040959587), 1: (909.6599083876466, 90.97095010274542), 'white': (603.4320592759398, 416.6281040959587)}
[(40, 40), (40, 460), (500.0, 40), (500.0, 460), (960, 40), (960, 460)]
{0: (774.7872500873486, 233.55965317013874), 1: (909.6599083876466, 90.97095010274542), 'white': (774.7872500873486, 233.55965317013874)}
[(40, 40), (40, 460), (500.0, 40), (500.0, 460), (960, 40), (960, 460)]
Level 6 passed
Tries : 16

MAX_TRIES : 16
{0: (266.0, 250.0), 3: (100.0, 200.0), 1: (500.0, 250.0), 2: (920.0, 200.0), 4: (800.0, 380.0), 'white': (266.0, 250.0)}
[(40, 40), (40, 460), (500.0, 40), (500.0, 460), (960, 40), (960, 460)]
{0: (833.3112498295537, 374.20420222484864), 3: (100.0, 200.0), 1: (500.0, 250.0), 2: (920.0, 200.0), 4: (800.0, 380.0), 'white': (833.3112498295537, 374.20420222484864)}
[(40, 40), (40, 460), (500.0, 40), (500.0, 460), (960, 40), (960, 460)]
{0: (705.3929231785552, 158.9876599222897), 3: (100.0, 200.0), 1: (500.0, 250.0), 2: (920.0, 200.0), 4: (279.8223901737541, 294.50574667161226), 'white': (705.3929231785552, 158.9876599222897)}
[(40, 40), (40, 460), (500.0, 40), (500.0, 460), (960, 40), (960, 460)]
{0: (204.32203449063704, 332.5476283577447), 3: (100.0, 200.0), 1: (510.67964232386316, 306.60177964682475), 2: (920.0, 200.0), 4: (279.8223901737541, 294.50574667161226), 'white': (204.32203449063704, 332.5476283577447)}
[(40, 40), (40, 460), (500.0, 40), (500.0, 460), (960, 40), (960, 460)]
{0: (240.87799457888354, 119.3059499076309), 3: (100.0, 200.0), 1: (510.67964232386316, 306.60177964682475), 2: (920.0, 200.0), 4: (919.9231359956703, 106.92095518950845), 'white': (240.87799457888354, 119.3059499076309)}
[(40, 40), (40, 460), (500.0, 40), (500.0, 460), (960, 40), (960, 460)]
{0: (491.5760449574365, 124.51619738606396), 3: (100.0, 200.0), 1: (510.67964232386316, 306.60177964682475), 2: (920.0, 200.0), 4: (919.9231359956703, 106.92095518950845), 'white': (491.5760449574365, 124.51619738606396)}
[(40, 40), (40, 460), (500.0, 40), (500.0, 460), (960, 40), (960, 460)]
{0: (742.2909497422056, 128.84004534343097), 3: (100.0, 200.0), 1: (510.67964232386316, 306.60177964682475), 2: (920.0, 200.0), 4: (919.9231359956703, 106.92095518950845), 'white': (742.2909497422056, 128.84004534343097)}
[(40, 40), (40, 460), (500.0, 40), (500.0, 460), (960, 40), (960, 460)]
{0: (877.5583148917186, 166.07959241443888), 3: (100.0, 200.0), 1: (510.67964232386316, 306.60177964682475), 2: (920.0, 200.0), 4: (910.6234810202036, 77.47684599898747), 'white': (877.5583148917186, 166.07959241443888)}
[(40, 40), (40, 460), (500.0, 40), (500.0, 460), (960, 40), (960, 460)]
{0: (821.3928963512257, 157.3990458095622), 3: (100.0, 200.0), 1: (510.67964232386316, 306.60177964682475), 2: (920.0, 200.0), 'white': (821.3928963512257, 157.3990458095622)}
[(40, 40), (40, 460), (500.0, 40), (500.0, 460), (960, 40), (960, 460)]
{0: (501.3763681902663, 215.84195795611302), 3: (100.0, 200.0), 1: (466.0207070102933, 324.44898060374913), 2: (920.0, 200.0), 'white': (501.3763681902663, 215.84195795611302)}
[(40, 40), (40, 460), (500.0, 40), (500.0, 460), (960, 40), (960, 460)]
{0: (619.0486784246156, 317.9559573269085), 3: (100.0, 200.0), 1: (466.0207070102933, 324.44898060374913), 2: (904.3085853341768, 118.8991821833119), 'white': (619.0486784246156, 317.9559573269085)}
[(40, 40), (40, 460), (500.0, 40), (500.0, 460), (960, 40), (960, 460)]
{0: (861.7133402895167, 196.2047627490668), 3: (100.0, 200.0), 1: (466.0207070102933, 324.44898060374913), 'white': (861.7133402895167, 196.2047627490668)}
[(40, 40), (40, 460), (500.0, 40), (500.0, 460), (960, 40), (960, 460)]
{0: (433.7434134876958, 260.81616123522537), 3: (100.0, 200.0), 1: (140.53708882735157, 353.5160814829081), 'white': (433.7434134876958, 260.81616123522537)}
[(40, 40), (40, 460), (500.0, 40), (500.0, 460), (960, 40), (960, 460)]
{0: (132.22636801208887, 322.4432034932906), 3: (100.0, 200.0), 1: (413.91435013474563, 333.57324190047774), 'white': (132.22636801208887, 322.4432034932906)}
[(40, 40), (40, 460), (500.0, 40), (500.0, 460), (960, 40), (960, 460)]
{3: (100.0, 200.0), 1: (656.4984433113335, 110.48867683331056), 0: (266.0, 250.0), 'white': (266.0, 250.0)}
[(40, 40), (40, 460), (500.0, 40), (500.0, 460), (960, 40), (960, 460)]
{3: (100.0, 200.0), 1: (847.7704201169456, 185.7691589854217), 0: (659.9117114896833, 140.20237983579176), 'white': (659.9117114896833, 140.20237983579176)}
[(40, 40), (40, 460), (500.0, 40), (500.0, 460), (960, 40), (960, 460)]
{3: (100.0, 200.0), 1: (847.7704201169456, 185.7691589854217), 0: (502.32336886815455, 432.8992606336641), 'white': (502.32336886815455, 432.8992606336641)}
[(40, 40), (40, 460), (500.0, 40), (500.0, 460), (960, 40), (960, 460)]
Level 7 failed

Max tries reached, moving to the next level

MAX_TRIES : 14
{0: (266.0, 250.0), 3: (900.0, 300.0), 1: (400.0, 250.0), 2: (80.0, 200.0), 4: (300.0, 400.0), 'white': (266.0, 250.0)}
[(40, 40), (40, 460), (500.0, 40), (500.0, 460), (960, 40), (960, 460)]
{0: (178.28104446775853, 228.5896733502609), 3: (900.0, 300.0), 1: (400.0, 250.0), 2: (80.0, 200.0), 4: (422.5841614216754, 419.93199759871106), 'white': (178.28104446775853, 228.5896733502609)}
[(40, 40), (40, 460), (500.0, 40), (500.0, 460), (960, 40), (960, 460)]
{0: (372.86159003547556, 386.75120605958693), 3: (900.0, 300.0), 1: (400.0, 250.0), 2: (80.0, 200.0), 4: (422.5841614216754, 419.93199759871106), 'white': (372.86159003547556, 386.75120605958693)}
[(40, 40), (40, 460), (500.0, 40), (500.0, 460), (960, 40), (960, 460)]
{0: (387.8877040745806, 395.410478133887), 3: (900.0, 300.0), 1: (400.0, 250.0), 2: (80.0, 200.0), 4: (602.1756541213839, 345.9188462702663), 'white': (387.8877040745806, 395.410478133887)}
[(40, 40), (40, 460), (500.0, 40), (500.0, 460), (960, 40), (960, 460)]
{0: (755.0817400425442, 306.2749372905299), 3: (900.0, 300.0), 1: (400.0, 250.0), 2: (80.0, 200.0), 4: (843.5414933608705, 104.92539015318198), 'white': (755.0817400425442, 306.2749372905299)}
[(40, 40), (40, 460), (500.0, 40), (500.0, 460), (960, 40), (960, 460)]
{0: (645.0887185637774, 281.92664111662623), 3: (900.0, 300.0), 1: (400.0, 250.0), 2: (80.0, 200.0), 4: (660.4446439084558, 306.5936206337635), 'white': (645.0887185637774, 281.92664111662623)}
[(40, 40), (40, 460), (500.0, 40), (500.0, 460), (960, 40), (960, 460)]
{0: (323.17284468350215, 183.12077146353644), 3: (900.0, 300.0), 1: (400.0, 250.0), 2: (80.0, 200.0), 4: (879.0147423024473, 417.9344460981124), 'white': (323.17284468350215, 183.12077146353644)}
[(40, 40), (40, 460), (500.0, 40), (500.0, 460), (960, 40), (960, 460)]
{0: (913.1540744539444, 406.2309532497525), 3: (826.5123391908456, 237.57252150564193), 1: (367.67167662119874, 402.67638472297483), 2: (80.0, 200.0), 4: (879.0147423024473, 417.9344460981124), 'white': (913.1540744539444, 406.2309532497525)}
[(40, 40), (40, 460), (500.0, 40), (500.0, 460), (960, 40), (960, 460)]
{0: (884.1091034095042, 185.12354631448488), 3: (826.5123391908456, 237.57252150564193), 1: (339.41695109865054, 384.9570958734574), 2: (80.0, 200.0), 4: (379.6705598214781, 412.53862449245247), 'white': (884.1091034095042, 185.12354631448488)}
[(40, 40), (40, 460), (500.0, 40), (500.0, 460), (960, 40), (960, 460)]
{0: (186.83846846148754, 190.34700870596382), 3: (806.809465279778, 292.9819586822188), 1: (339.41695109865054, 384.9570958734574), 2: (80.0, 200.0), 4: (379.6705598214781, 412.53862449245247), 'white': (186.83846846148754, 190.34700870596382)}
[(40, 40), (40, 460), (500.0, 40), (500.0, 460), (960, 40), (960, 460)]
{0: (232.17872766828356, 225.06844291619646), 3: (806.809465279778, 292.9819586822188), 1: (501.09478046167857, 296.1413166418964), 2: (80.0, 200.0), 4: (636.2839685467117, 184.37338606732516), 'white': (232.17872766828356, 225.06844291619646)}
[(40, 40), (40, 460), (500.0, 40), (500.0, 460), (960, 40), (960, 460)]
{0: (775.9506113282378, 366.78736299656356), 3: (806.809465279778, 292.9819586822188), 1: (501.09478046167857, 296.1413166418964), 2: (80.0, 200.0), 4: (880.9999066656584, 158.13414715823964), 'white': (775.9506113282378, 366.78736299656356)}
[(40, 40), (40, 460), (500.0, 40), (500.0, 460), (960, 40), (960, 460)]
{0: (859.5785679426422, 313.1512319020696), 3: (750.5601507261887, 261.6617832025606), 1: (501.09478046167857, 296.1413166418964), 2: (80.0, 200.0), 4: (797.3097347087424, 360.4568870268465), 'white': (859.5785679426422, 313.1512319020696)}
[(40, 40), (40, 460), (500.0, 40), (500.0, 460), (960, 40), (960, 460)]
{0: (872.1168045050924, 160.4104758831549), 3: (750.5601507261887, 261.6617832025606), 1: (501.09478046167857, 296.1413166418964), 2: (80.0, 200.0), 4: (213.689458992368, 346.4938901642395), 'white': (872.1168045050924, 160.4104758831549)}
[(40, 40), (40, 460), (500.0, 40), (500.0, 460), (960, 40), (960, 460)]
{0: (237.60583374868435, 348.10391309104415), 3: (750.5601507261887, 261.6617832025606), 1: (501.09478046167857, 296.1413166418964), 2: (80.0, 200.0), 4: (87.90580350570711, 372.8359999570776), 'white': (237.60583374868435, 348.10391309104415)}
[(40, 40), (40, 460), (500.0, 40), (500.0, 460), (960, 40), (960, 460)]
Level 8 failed

Max tries reached, moving to the next level

MAX_TRIES : 12
{0: (266.0, 250.0), 4: (900.0, 380.0), 1: (500.0, 250.0), 2: (900.0, 250.0), 5: (100.0, 200.0), 3: (750.0, 300.0), 'white': (266.0, 250.0)}
[(40, 40), (40, 460), (500.0, 40), (500.0, 460), (960, 40), (960, 460)]
{0: (932.0110262027948, 430.48172716018456), 4: (900.0, 380.0), 1: (500.0, 250.0), 2: (900.0, 250.0), 5: (100.0, 200.0), 3: (813.0051829810754, 200.24414135840388), 'white': (932.0110262027948, 430.48172716018456)}
[(40, 40), (40, 460), (500.0, 40), (500.0, 460), (960, 40), (960, 460)]
{0: (787.360921401461, 408.11815218719676), 4: (843.4632845676599, 185.98996664055846), 1: (500.0, 250.0), 2: (900.0, 250.0), 5: (100.0, 200.0), 3: (569.3068770867376, 348.92628339976085), 'white': (787.360921401461, 408.11815218719676)}
[(40, 40), (40, 460), (500.0, 40), (500.0, 460), (960, 40), (960, 460)]
{0: (587.5829498723365, 211.01336836568322), 4: (843.4632845676599, 185.98996664055846), 1: (316.2343602861677, 102.1606415207364), 2: (900.0, 250.0), 5: (100.0, 200.0), 3: (566.1887735387626, 163.23305748127783), 'white': (587.5829498723365, 211.01336836568322)}
[(40, 40), (40, 460), (500.0, 40), (500.0, 460), (960, 40), (960, 460)]
{0: (198.9460468866201, 106.2745983797274), 4: (843.4632845676599, 185.98996664055846), 1: (316.2343602861677, 102.1606415207364), 2: (900.0, 250.0), 5: (100.0, 200.0), 3: (606.8644197435742, 358.7008670607765), 'white': (198.9460468866201, 106.2745983797274)}
[(40, 40), (40, 460), (500.0, 40), (500.0, 460), (960, 40), (960, 460)]
{0: (633.2833660532657, 282.8275803649961), 4: (843.4632845676599, 185.98996664055846), 1: (316.2343602861677, 102.1606415207364), 2: (900.0, 250.0), 5: (100.0, 200.0), 3: (830.707743650246, 320.8159233159766), 'white': (633.2833660532657, 282.8275803649961)}
[(40, 40), (40, 460), (500.0, 40), (500.0, 460), (960, 40), (960, 460)]
{0: (509.2112417870702, 319.30962998950895), 4: (843.4632845676599, 185.98996664055846), 1: (316.2343602861677, 102.1606415207364), 2: (900.0, 250.0), 5: (100.0, 200.0), 3: (830.707743650246, 320.8159233159766), 'white': (509.2112417870702, 319.30962998950895)}
[(40, 40), (40, 460), (500.0, 40), (500.0, 460), (960, 40), (960, 460)]
{0: (593.0487071234742, 395.0942199112263), 4: (843.4632845676599, 185.98996664055846), 1: (316.2343602861677, 102.1606415207364), 2: (900.0, 250.0), 5: (100.0, 200.0), 3: (830.707743650246, 320.8159233159766), 'white': (593.0487071234742, 395.0942199112263)}
[(40, 40), (40, 460), (500.0, 40), (500.0, 460), (960, 40), (960, 460)]
{0: (534.8723789509789, 333.9719332435565), 4: (843.4632845676599, 185.98996664055846), 1: (316.2343602861677, 102.1606415207364), 2: (900.0, 250.0), 5: (100.0, 200.0), 3: (829.4670164069053, 225.99449777515167), 'white': (534.8723789509789, 333.9719332435565)}
[(40, 40), (40, 460), (500.0, 40), (500.0, 460), (960, 40), (960, 460)]
{0: (781.2912959718591, 399.4609429843694), 4: (845.4524533488399, 181.10073233077367), 1: (316.2343602861677, 102.1606415207364), 2: (900.0, 250.0), 5: (100.0, 200.0), 3: (868.8732647957543, 256.58450709053056), 'white': (781.2912959718591, 399.4609429843694)}
[(40, 40), (40, 460), (500.0, 40), (500.0, 460), (960, 40), (960, 460)]
{0: (917.938551517987, 355.6582280480842), 4: (845.4524533488399, 181.10073233077367), 1: (316.2343602861677, 102.1606415207364), 2: (755.1775648447098, 360.8714934369648), 5: (100.0, 200.0), 3: (865.9337268017526, 264.80875006388584), 'white': (917.938551517987, 355.6582280480842)}
[(40, 40), (40, 460), (500.0, 40), (500.0, 460), (960, 40), (960, 460)]
{0: (342.1328910628182, 123.82550423893109), 4: (845.4524533488399, 181.10073233077367), 1: (240.80641981440155, 107.9333295683024), 2: (755.1775648447098, 360.8714934369648), 5: (100.0, 200.0), 3: (883.3487069191309, 114.65656865026553), 'white': (342.1328910628182, 123.82550423893109)}
[(40, 40), (40, 460), (500.0, 40), (500.0, 460), (960, 40), (960, 460)]
{0: (829.4596378486456, 265.9036070246745), 4: (800.1481569408935, 157.59976052152345), 1: (240.80641981440155, 107.9333295683024), 2: (755.1775648447098, 360.8714934369648), 5: (100.0, 200.0), 3: (911.9626993905864, 130.01587592213005), 'white': (829.4596378486456, 265.9036070246745)}
[(40, 40), (40, 460), (500.0, 40), (500.0, 460), (960, 40), (960, 460)]
Level 9 failed

Max tries reached, moving to the next level

#### Levels passed : 6 out of 10 ####
#### Marks : 3.2 out of 6.0 ####
